30105731;482854799;482855483;
30105731;482855483;3843905103;
37697440;482516240;482770103;
37697440;482770103;442043237;
37697440;442043237;1909481809;
37697499;2047951510;2047951570;
37697499;2047951570;483104866;
37697499;483104866;2047951666;
37697499;2047951666;483104871;
37697499;483104871;483104886;
37697499;483104886;483104893;
37697499;483104893;2047951491;
37697499;2047951491;483104910;
37697499;483104910;2047951612;
37697499;2047951612;483104917;
37702999;1746255490;442104890;
37702999;442104890;482773873;
37702999;482773873;2361284169;
37702999;2361284169;442104889;
37702999;442104889;442104888;
37702999;442104888;442104887;
37702999;442104887;442104886;
37702999;442104886;2668433080;
37702999;2668433080;4312156590;
37702999;4312156590;3799202342;
37702999;3799202342;3799202343;
37702999;3799202343;2190585206;
37702999;2190585206;830362153;
37702999;830362153;442104620;
37702999;442104620;442104619;
37702999;442104619;830362167;
37702999;830362167;442104618;
37702999;442104618;442104617;
37702999;442104617;442104616;
37702999;442104616;1917684148;
37702999;1917684148;830362197;
37702999;830362197;830362142;
37702999;830362142;442104615;
37702999;442104615;442104614;
37702999;442104614;2361279853;
37702999;2361279853;442104613;
37702999;442104613;442104612;
37702999;442104612;442104611;
37702999;442104611;3942061891;
37702999;3942061891;830350162;
37702999;830350162;442104609;
37702999;442104609;442104608;
37702999;442104608;442104607;
37702999;442104607;442104606;
37702999;442104606;442104605;
37702999;442104605;929715527;
37702999;929715527;442104604;
37702999;442104604;875779361;
37702999;875779361;442104603;
37702999;442104603;4162404107;
37702999;4162404107;2361276144;
37702999;2361276144;2361276148;
37702999;2361276148;2361276146;
37702999;2361276146;1993554728;
37702999;1993554728;442104601;
37702999;442104601;4162404120;
37702999;4162404120;442104600;
37702999;442104600;4162404128;
37702999;4162404128;2361276140;
37702999;2361276140;442104599;
37702999;442104599;490898285;
37706410;1809586726;442130299;
37706410;442130299;442130300;
37706410;442130300;442130301;
37706410;442130301;929715567;
37706410;929715567;442130302;
37706410;442130302;518231831;
37706410;518231831;442130303;
37706410;442130303;442134529;
37706410;442134529;1917684158;
37706410;1917684158;1917684146;
37706410;1917684146;442134530;
37706410;442134530;518231810;
37706410;518231810;442134531;
37706410;442134531;518231872;
37706410;518231872;518231866;
37706410;518231866;442134532;
37706410;442134532;442134533;
37706410;442134533;442134534;
37706410;442134534;518225114;
39683139;163547000;3802280167;
39683139;3802280167;163547001;
39683139;163547001;163547003;
39683139;163547003;3802280182;
39683139;3802280182;163547005;
39683139;163547005;163547006;
39683139;163547006;163547009;
39683139;163547009;163547012;
39683139;163547012;163547014;
39683139;163547014;163547016;
39683139;163547016;163547017;
39683139;163547017;482501823;
39683139;482501823;163547019;
39683139;163547019;163547020;
39683139;163547020;1679221537;
39683156;163559152;482503092;
39683233;475768561;475768541;
39683233;475768541;475768536;
39683233;475768536;3802280205;
39683233;3802280205;3802280204;
39683233;3802280204;475768532;
39683233;475768532;475768705;
39683233;475768705;3802280227;
39683233;3802280227;475768699;
39683233;475768699;3802280228;
39683233;3802280228;475768693;
39683233;475768693;3802280225;
39683233;3802280225;475768686;
39683233;475768686;475768683;
39683233;475768683;475766863;
39683233;475766863;475766861;
39683233;475766861;475766859;
39683233;475766859;475765862;
40095839;3802280268;482501787;
40095839;482501787;482774938;
40095839;482774938;482501788;
40095873;163547017;3802280267;
40095873;3802280267;482502378;
40095873;482502378;482502381;
40095873;482502381;482502384;
40095873;482502384;482502387;
40095873;482502387;3802280277;
40095873;3802280277;482502389;
40095873;482502389;3802280278;
40095873;3802280278;3802280276;
40095873;3802280276;3802280275;
40095873;3802280275;3802280274;
40095873;3802280274;482502395;
40095931;482503092;3802280280;
40095931;3802280280;3802280271;
40095931;3802280271;482503555;
40095931;482503555;482503557;
40095931;482503557;482503559;
40095931;482503559;482503560;
40095931;482503560;3211749247;
40095931;3211749247;1999088957;
40095931;1999088957;482503562;
40095931;482503562;3802280269;
40095931;3802280269;3802280270;
40095931;3802280270;482503564;
40095968;482503987;482503989;
40095968;482503989;482503994;
40095968;482503994;3802280266;
40095968;3802280266;482504000;
40095968;482504000;3802280264;
40095968;3802280264;1999089029;
40095968;1999089029;482504002;
40095968;482504002;1999088986;
40095968;1999088986;3802280258;
40095968;3802280258;1999089016;
40096072;482774338;1746255481;
40096072;1746255481;482774508;
40096072;482774508;3802280291;
40096072;3802280291;3802280292;
40096072;3802280292;3772345878;
40096072;3772345878;3772345879;
40096072;3772345879;482505367;
40096072;482505367;3772345880;
40096076;1679221537;1999089037;
40096076;1999089037;163547025;
40096076;163547025;1718623385;
40096076;1718623385;3604190181;
40096076;3604190181;163547028;
40096076;163547028;163547029;
40096076;163547029;163547032;
40096097;3211749249;163559145;
40096097;163559145;163559146;
40096097;163559146;163559147;
40096097;163559147;3211749248;
40096097;3211749248;163559149;
40096097;163559149;3802280293;
40096097;3802280293;482506290;
40096097;482506290;163559152;
40096433;482516300;482516849;
40096433;482516849;482516929;
40096433;482516929;3342765354;
40096433;3342765354;482516507;
40096435;482516238;2195290749;
40096435;2195290749;482516300;
40096454;482516681;482516849;
40096461;2195290748;482516993;
40096514;482517489;482518059;
40096514;482518059;3802280211;
40096514;3802280211;482517633;
40096516;482772217;482772249;
40096516;482772249;482772253;
40096516;482772253;3802280239;
40096516;3802280239;3802280240;
40096518;482518002;482517995;
40096518;482517995;3802280260;
40096518;3802280260;482517992;
40096518;482517992;3802280257;
40096518;3802280257;3802280254;
40096518;3802280254;3802280250;
40096518;3802280250;482517796;
40096525;482518080;482518341;
40096525;482518341;2625680705;
40096525;2625680705;3211750770;
40096525;3211750770;3802280232;
40096525;3802280232;2625680706;
40096525;2625680706;3211750767;
40096525;3211750767;2625680707;
40096525;2625680707;3802280238;
40096525;3802280238;2625680708;
40096525;2625680708;3211750769;
40096525;3211750769;1407577056;
40096525;1407577056;3802280233;
40096525;3802280233;3211750768;
40096525;3211750768;2625680710;
40096525;2625680710;2625680711;
40096526;482518680;3802280219;
40096526;3802280219;3802280221;
40096526;3802280221;482518676;
40096526;482518676;2195281239;
40096526;2195281239;2195281231;
40096526;2195281231;482504854;
40113021;482770416;482769684;
40113021;482769684;2195281225;
40113021;2195281225;482769685;
40113039;2195281201;482769571;
40113039;482769571;482769685;
40113039;482769685;482769288;
40113039;482769288;2195281234;
40113062;482769686;3802280127;
40113062;3802280127;482769767;
40113062;482769767;2195281223;
40113062;2195281223;482769571;
40113075;482769891;3342823796;
40113094;2195286898;482770103;
40113100;482770321;482770325;
40113100;482770325;3802279834;
40113100;3802279834;482770329;
40113100;482770329;482770331;
40113156;482773018;482773019;
40113156;482773019;482773020;
40113156;482773020;3802280171;
40113156;3802280171;482773188;
40113156;482773188;482773022;
40113156;482773022;482773032;
40113213;482772249;482773032;
40113213;482773032;482773167;
40113247;3211750763;3211749255;
40113261;3211750763;482774298;
40113261;482774298;482774417;
40113261;482774417;482774452;
40113264;482774370;482774505;
40113264;482774505;482503987;
40113266;482774374;482774417;
40113267;482774443;482774300;
40113268;482774508;482774505;
40113268;482774505;482774452;
40113280;482774934;482774935;
40113280;482774935;3802280259;
40113280;3802280259;3802280261;
40113280;3802280261;482774936;
40113280;482774936;482774937;
40113280;482774937;482774938;
40113343;482775782;3802280179;
40113343;3802280179;3802280184;
40113343;3802280184;2663175608;
40113343;2663175608;2663175614;
40113343;2663175614;2663175597;
40113343;2663175597;830362129;
40113343;830362129;482775781;
40113343;482775781;482775780;
40113364;482775865;2190585213;
40113364;2190585213;2190585208;
40113364;2190585208;482775780;
40113364;482775780;2668433105;
40113364;2668433105;3211750772;
40113364;3211750772;3802280252;
40113364;3802280252;3802280251;
40113364;3802280251;4312156259;
40113364;4312156259;482775819;
40138904;483104935;3802279766;
40138904;3802279766;483105224;
40138904;483105224;483105230;
40138904;483105230;483105232;
40138904;483105232;2047951565;
40138904;2047951565;3802279769;
40138904;3802279769;442044006;
40138934;442044026;442044025;
40140362;483132932;483138405;
40140362;483138405;483138419;
40140362;483138419;483138461;
40140362;483138461;483138472;
40140367;483134060;3342822876;
40140375;2195307217;2195307212;
40140375;2195307212;2195307215;
40140375;2195307215;2195307213;
40140375;2195307213;483138885;
41885424;518225106;518225113;
41885424;518225113;518225115;
41885424;518225115;1782091540;
41885424;1782091540;1786303744;
41885424;1786303744;518225114;
41885427;482515715;518227355;
41885427;518227355;518225169;
41885427;518225169;832096019;
41885427;832096019;518225171;
41885427;518225171;518225103;
41885427;518225103;518225112;
41885427;518225112;518225175;
41885533;518227399;518227401;
41885533;518227401;518227403;
41885533;518227403;518227405;
41885533;518227405;518227406;
41885533;518227406;518227359;
41885533;518227359;2163910052;
41885533;2163910052;2163910079;
41885533;2163910079;518227409;
41885533;518227409;518227411;
41885537;518227352;518227491;
41885537;518227491;518227489;
41885537;518227489;518227487;
41885537;518227487;3772345911;
41885537;3772345911;3772345907;
41885537;3772345907;518227484;
41885662;518225116;832096148;
41885662;832096148;832096150;
41885662;832096150;832096153;
41885662;832096153;832096155;
41885662;832096155;832096158;
41885662;832096158;832096161;
41885662;832096161;832096162;
41885662;832096162;832096163;
41885662;832096163;832096164;
41885662;832096164;832096165;
41885662;832096165;832096167;
41885662;832096167;518231856;
41885662;518231856;518231859;
41885662;518231859;518231862;
41885662;518231862;518231843;
41885662;518231843;518231866;
69085109;828919698;828919848;
69085109;828919848;3217331750;
69085109;3217331750;875779136;
69085109;875779136;929715547;
69085109;929715547;929715657;
69285808;875778818;875778815;
69285808;875778815;1102517528;
69285808;1102517528;875778812;
69285808;875778812;830350179;
69285808;830350179;830350182;
69285808;830350182;875778808;
69285808;875778808;1102517437;
69286656;2047890830;830352580;
69286656;830352580;830350170;
69286656;830350170;830362228;
69286656;830362228;830350168;
69286656;830350168;1102517437;
69286656;1102517437;875778796;
69286656;875778796;830350218;
69286656;830350218;4264764850;
69286656;4264764850;830362269;
69286656;830362269;830350161;
69286656;830350161;3942061892;
69286656;3942061892;830350162;
69286657;875778778;3015059972;
69286657;3015059972;2047891054;
69286659;830350170;3015059972;
69286659;3015059972;830350171;
69286661;830350182;4128496781;
69286662;442044742;830350171;
69286662;830350171;830350185;
69286663;2047890926;830350187;
69286665;442104608;929715509;
69286665;929715509;929715657;
69286665;929715657;1102517564;
69286665;1102517564;830350195;
69286665;830350195;1102517366;
69286665;1102517366;1102517377;
69286665;1102517377;875778812;
69286665;875778812;830350196;
69286665;830350196;830350198;
69286665;830350198;830350199;
69286877;830352580;2665728487;
69286877;2665728487;830362224;
69286877;830362224;2665728485;
69286877;2665728485;830352581;
69288406;830362129;830364405;
69288406;830364405;830362130;
69288406;830362130;2668366458;
69288407;2190585208;830362130;
69288408;2668366455;830362134;
69288408;830362134;2190585216;
69288408;2190585216;830362133;
69288408;830362133;2668366452;
69288414;830362147;830362149;
69288414;830362149;1917684149;
69288414;1917684149;1917684165;
69288414;1917684165;830362150;
69288414;830362150;1917684151;
69288415;2668366460;830362152;
69288415;830362152;2668399040;
69288415;2668399040;2668399056;
69288415;2668399056;830362136;
69288415;830362136;3799202339;
69288415;3799202339;830362170;
69288415;830362170;3799202341;
69288415;3799202341;830362153;
69288416;830362154;830362155;
69288416;830362155;830362156;
69288416;830362156;3015059973;
69288416;3015059973;830362158;
69288416;830362158;830362159;
69288416;830362159;830362160;
69288417;830362161;830362165;
69288417;830362165;442104612;
69288418;830362162;830362163;
69288418;830362163;830362164;
69288418;830362164;830362165;
69288418;830362165;830362199;
69288418;830362199;830362166;
69288418;830362166;830362167;
69288419;830362168;830362169;
69288420;830362170;3799202340;
69288420;3799202340;830362166;
69288423;875778780;875778798;
69288423;875778798;830362172;
69288423;830362172;830362173;
69288423;830362173;1102517473;
69288423;1102517473;830362175;
69288423;830362175;830362176;
69288423;830362176;830362177;
69288423;830362177;830362178;
69288423;830362178;442104611;
69288425;875778796;875778798;
69288425;875778798;830362181;
69288425;830362181;830362182;
69288426;830362185;830362187;
69288426;830362187;830362224;
69288426;830362224;2665728484;
69288428;830362190;830362154;
69288428;830362154;830362191;
69288431;830362197;1917684176;
69288431;1917684176;1917684171;
69288431;1917684171;830362199;
69288431;830362199;830350224;
69288431;830350224;2668366460;
69288431;2668366460;830362203;
69288431;830362203;830362131;
69288431;830362131;830362205;
69288431;830362205;830362206;
69288431;830362206;2668366455;
69288431;2668366455;830362207;
69288431;830362207;830362190;
69288431;830362190;2541651682;
69288431;2541651682;830364408;
69288431;830364408;3802280202;
69288431;3802280202;3802280201;
69288431;3802280201;3802280196;
69288431;3802280196;830362212;
69288436;830362228;830362243;
69288436;830362243;3015059973;
69288436;3015059973;830362203;
69288438;830362242;830352581;
69288441;830362169;830362246;
69288441;830362246;1102517473;
69288441;1102517473;830362269;
69288820;830364405;830364408;
69489390;518227374;2163910016;
69489390;2163910016;2163910082;
69489390;2163910082;1439024163;
69489390;1439024163;518227361;
69489390;518227361;518227378;
69489390;518227378;518227385;
69489390;518227385;518227388;
69489390;518227388;518227390;
69489390;518227390;518227393;
95018714;1102517564;4264965593;
95018714;4264965593;830350218;
155532861;163546969;163546970;
155532861;163546970;2807708961;
155532861;2807708961;2807708957;
155532861;2807708957;163546971;
155532861;163546971;163546973;
155532861;163546973;3211750776;
155532861;3211750776;3804744117;
155532861;3804744117;163546975;
155532861;163546975;3804744121;
155532861;3804744121;3804744123;
155532861;3804744123;163546977;
155532861;163546977;3804744136;
155532861;3804744136;163546980;
155532861;163546980;163546981;
155532861;163546981;163546982;
155532861;163546982;442044190;
155532861;442044190;3211750773;
155532861;3211750773;163546985;
155532861;163546985;3804744185;
155532861;3804744185;163546987;
155532861;163546987;1999088966;
155533006;163559165;163559167;
155533006;163559167;3802280129;
155533006;3802280129;163559168;
155533006;163559168;3802280074;
155533006;3802280074;1679220132;
155533006;1679220132;163559170;
155533006;163559170;1679220120;
155533006;1679220120;163559171;
155533006;163559171;3804744219;
155533006;3804744219;163559172;
155533006;163559172;163559173;
155533006;163559173;163559174;
155533007;1999088966;3804744205;
155533007;3804744205;1679220119;
155533007;1679220119;163546990;
155533007;163546990;3802279784;
155533007;3802279784;3802279791;
155533007;3802279791;163546992;
155533007;163546992;163546994;
155533007;163546994;1679220130;
155533007;1679220130;3802279822;
155533007;3802279822;163546995;
155533007;163546995;163546997;
155533007;163546997;3802280112;
155533007;3802280112;3802280126;
155533007;3802280126;163546998;
155533007;163546998;163547000;
155533010;163559174;1999089024;
162809721;1746255490;1746255491;
162809721;1746255491;1746255486;
162809721;1746255486;1746255480;
162809721;1746255480;1746255481;
166151152;1776325412;3802279795;
166151152;3802279795;1776325413;
166151152;1776325413;1776325421;
166151152;1776325421;1776325423;
166151152;1776325423;1776325418;
166151152;1776325418;3802279799;
166151152;3802279799;1776325410;
166151152;1776325410;1776325408;
166151154;1776325412;3802279806;
166151154;3802279806;3802279814;
166151154;3802279814;3802279819;
166151154;3802279819;3802279827;
166151154;3802279827;1776325438;
166151154;1776325438;3802279842;
166151154;3802279842;1776325442;
166151154;1776325442;1776325450;
166151154;1776325450;3802280075;
166151154;3802280075;3802280088;
166151154;3802280088;1776325466;
166151154;1776325466;1776325490;
166151154;1776325490;1776325492;
166151154;1776325492;3802280138;
166151154;3802280138;1776325495;
166151154;1776325495;3802280149;
166151154;3802280149;1776325498;
166151154;1776325498;3802280156;
166151154;3802280156;1776325505;
166151159;2047891021;2047890792;
166151159;2047890792;2047890877;
166151159;2047890877;4314271951;
166151159;4314271951;2047890774;
166151159;2047890774;2047890912;
166151160;1776325494;2047890775;
166151160;2047890775;3802280169;
166151160;3802280169;1776325509;
166151163;1776325502;3802280133;
166151165;2047890802;3802280122;
166151165;3802280122;3802280123;
166151166;2047890802;3802280103;
166151166;3802280103;3802280111;
166151166;3802280111;3802280114;
166151166;3802280114;3802280105;
166151166;3802280105;3802280098;
166151166;3802280098;3802280059;
166151166;3802280059;3802279850;
166151166;3802279850;3802279843;
166151166;3802279843;3802279837;
166151166;3802279837;1776325436;
166151166;1776325436;1776325412;
166151181;2047890878;2362834712;
166151181;2362834712;1776325351;
166151181;1776325351;1776325347;
166151181;1776325347;1776325345;
166151181;1776325345;1776325343;
166151181;1776325343;1776325341;
166156287;1999088962;1776360239;
166156287;1776360239;1776360238;
166156287;1776360238;1776360237;
166156287;1776360237;1776360236;
166156287;1776360236;1776360235;
166156287;1776360235;1776360234;
166156287;1776360234;1776360233;
166156287;1776360233;2362834725;
166156287;2362834725;1776360229;
166156287;1776360229;1776360228;
166156287;1776360228;1776360227;
166156287;1776360227;1776360226;
166156287;1776360226;1776360222;
166156287;1776360222;1776360221;
166156287;1776360221;1998921899;
166156287;1998921899;1776360217;
166156287;1776360217;1776360213;
166156287;1776360213;1776360207;
166156287;1776360207;3804744114;
166156287;3804744114;1776360204;
166156287;1776360204;1776360202;
166156287;1776360202;1998921907;
166156287;1998921907;1776360200;
166156287;1776360200;3804744100;
166156287;3804744100;1998911264;
169798248;518225114;2361284168;
169798248;2361284168;518227393;
169798248;518227393;518227399;
169798248;518227399;442134536;
169798248;442134536;1795168144;
169798248;1795168144;518225175;
169798248;518225175;442134537;
169798248;442134537;442134538;
169798248;442134538;518227484;
169798248;518227484;3753580374;
180523679;1909481828;3211749246;
180523679;3211749246;163547012;
180523681;3211749254;1909481817;
180523681;1909481817;1909481836;
180523681;1909481836;1909481806;
180523681;1909481806;1909481821;
180523681;1909481821;1909481820;
180523681;1909481820;1909481828;
180523684;3211750762;3211749254;
189265506;483104917;483104923;
189265506;483104923;3802279767;
189265506;3802279767;3007216082;
189265506;3007216082;483104935;
189265509;1999089024;1999089002;
189265512;442044294;3572937188;
189265518;482855484;442044116;
189265518;442044116;442044285;
189265518;442044285;2047960449;
189265518;2047960449;2047960454;
189265518;2047960454;442044286;
189265518;442044286;442044287;
189265518;442044287;442044288;
189265518;442044288;2047960445;
189265518;2047960445;2047960444;
189265518;2047960444;2047960451;
189265518;2047960451;3804744200;
189265518;3804744200;3804744207;
189265518;3804744207;2047960460;
189265518;2047960460;442044292;
189265518;442044292;3804744215;
189265518;3804744215;442044293;
189265518;442044293;2047960443;
189265518;2047960443;442044294;
189265525;3524466452;3524466455;
189265525;3524466455;3524466454;
189265525;3524466454;3804744211;
189265525;3804744211;3804744209;
189265525;3804744209;1776325394;
189265525;1776325394;3524466451;
189265525;3524466451;3804744196;
189265525;3804744196;3804744190;
189265525;3804744190;2401340458;
189265525;2401340458;1999088971;
189265525;1999088971;1776325377;
189265525;1776325377;1999089031;
189265525;1999089031;442044296;
189265527;442044025;3342823795;
189265527;3342823795;442044023;
189265527;442044023;2047951645;
189265527;2047951645;3802279772;
189265527;3802279772;2047951638;
189265527;2047951638;442044006;
194262771;2047890784;1776325389;
194262771;1776325389;1776325398;
194262771;1776325398;2047890807;
194262771;2047890807;2047890835;
194262771;2047890835;2047890873;
194262771;2047890873;2401340470;
194262771;2401340470;2047890870;
194262771;2047890870;2669557816;
194262771;2669557816;2047891021;
194262778;830362278;2047890841;
194262778;2047890841;2047890810;
194262778;2047890810;2663175577;
194262778;2663175577;2663175583;
194262778;2663175583;3802280140;
194262778;3802280140;3802280136;
194262778;3802280136;3802280128;
194262778;3802280128;3802280124;
194262779;2047890901;2047890983;
194262779;2047890983;2047890964;
194262779;2047890964;2047890889;
194262779;2047890889;2047890991;
194262780;2047890991;2047890914;
194262780;2047890914;2047890904;
194262780;2047890904;1776325456;
194262782;830362323;1776325502;
194262782;1776325502;3802280166;
194262782;3802280166;1776325507;
194262783;2047890867;2047891048;
194262783;2047891048;3802280066;
194262783;3802280066;2047890805;
194262783;2047890805;3802280084;
194262783;3802280084;3802280102;
194262783;3802280102;3802280117;
194262783;3802280117;3802280119;
194262783;3802280119;3802280121;
194262783;3802280121;3802280123;
194262785;1776325462;2663215662;
194262785;2663215662;2663215663;
194262785;2663215663;2047890851;
194262785;2047890851;1776325511;
194262788;2047890991;2047890867;
194262790;1776325480;2047890814;
194262790;2047890814;2047891073;
194262790;2047891073;1776325484;
194262790;1776325484;2047890780;
194262790;2047890780;2047890860;
194262790;2047890860;1776325476;
194262790;1776325476;1776325470;
194262790;1776325470;1776325456;
194262792;1776325408;2047890896;
194262792;2047890896;2047890794;
194262792;2047890794;2047890827;
194262792;2047890827;2362844283;
194262792;2362844283;2047890988;
194262793;1776325480;1776325472;
194262793;1776325472;2669557815;
194262793;2669557815;1776325462;
194267588;442044104;2047951561;
194267588;2047951561;3802279770;
194267588;3802279770;2047951481;
194267588;2047951481;3342823795;
194267590;3342823795;3802279774;
194267590;3802279774;2047951600;
194267600;3342823796;3802279803;
194267600;3802279803;3802279804;
194267600;3802279804;3007216081;
194267600;3007216081;2047951510;
194270975;1776325364;2047961621;
194270975;2047961621;2047961635;
194270975;2047961635;2047961630;
194270975;2047961630;2047961628;
194270975;2047961628;2047961619;
194270975;2047961619;1776325382;
194270977;1776325375;2047961624;
194270977;2047961624;2047961623;
194270977;2047961623;2047961634;
194270977;2047961634;2047961618;
194270977;2047961618;2047961632;
194270977;2047961632;2047961621;
194272839;482854799;482855304;
194272839;482855304;2362845087;
194272839;2362845087;2047977647;
194272839;2047977647;482855301;
194272839;482855301;2047977663;
194272839;2047977663;2047977674;
194272839;2047977674;482855297;
204658392;482516240;482769170;
204658392;482769170;482517633;
204658392;482517633;3802280214;
204658392;3802280214;482518680;
208796093;2190585206;2190585210;
208796093;2190585210;2190585212;
208796093;2190585212;482775865;
208796094;830362203;2668399043;
208796094;2668399043;2668399045;
208796094;2668399045;2190585214;
208796094;2190585214;2190585215;
208796094;2190585215;482775865;
209300227;482774452;482774300;
209300227;482774300;482774302;
209300227;482774302;482503987;
209300227;482503987;482503564;
209300227;482503564;482774303;
209300227;482774303;3802280272;
209300227;3802280272;3802280273;
209300227;3802280273;482774305;
209300227;482774305;3772345876;
209300227;3772345876;3772345877;
209300227;3772345877;482505367;
209300227;482505367;3772345900;
209300227;3772345900;3772345902;
209300227;3772345902;482774306;
209300587;2195281216;2195281220;
209300588;2195281208;482769170;
209300589;2195281225;2195281223;
209301028;482769288;2195281216;
209301028;2195281216;2195281210;
209301028;2195281210;2195281190;
209301028;2195281190;482769902;
209301029;2195285746;482770074;
209301029;482770074;482770075;
209301167;482769902;2195281218;
209301167;2195281218;2195281206;
209301167;2195281206;482769891;
209301167;482769891;2195286898;
209301167;2195286898;482770072;
209301167;482770072;2195285746;
209301245;482517796;482518341;
209301245;482518341;482518676;
209301245;482518676;482518059;
209301589;482516300;2195290750;
209301589;2195290750;482516993;
209302304;2195295287;483132923;
209302304;483132923;483132928;
209302304;483132928;483132932;
209302304;483132932;483132937;
209303003;2195303063;2195303066;
209303003;2195303066;442043986;
224312695;2331316614;3802280161;
224312695;3802280161;3802280163;
224312695;3802280163;2331316611;
224312695;2331316611;3802280183;
224312695;3802280183;2331316617;
224312695;2331316617;3802280220;
224312695;3802280220;3802280223;
224312695;3802280223;2331316607;
224312695;2331316607;2331316615;
224312695;2331316615;2331316612;
224312695;2331316612;2331316610;
224312695;2331316610;2331316616;
224312695;2331316616;2331315592;
224312695;2331315592;475769562;
224312695;475769562;475769560;
224312695;475769560;475769557;
224312695;475769557;1679220133;
224312695;1679220133;163559165;
224312984;2663175607;482773842;
224312984;482773842;2331317138;
224312984;2331317138;2331317136;
224312984;2331317136;2331317143;
224312984;2331317143;2331317130;
224312984;2331317130;2331317129;
224312984;2331317129;2331317140;
224312984;2331317140;2331317132;
224312984;2331317132;2331317124;
224312984;2331317124;2331317122;
224312984;2331317122;2331317133;
224312984;2331317133;2331317145;
224312984;2331317145;2331317125;
224312984;2331317125;2331317127;
224312984;2331317127;2331317142;
224312984;2331317142;2331317141;
224312984;2331317141;482773319;
224312984;482773319;2331317128;
224312984;2331317128;2331317144;
224312984;2331317144;3211749256;
231803220;2401340456;2401340462;
231803220;2401340462;2401340413;
231803221;2401340462;2646078769;
231803221;2646078769;2646078773;
231803221;2646078773;2401340438;
231803221;2401340438;2401340421;
231803221;2401340421;2401340455;
231803221;2401340455;2401340460;
231803221;2401340460;2401340436;
231803221;2401340436;2401340412;
231803221;2401340412;2401340415;
231803222;1776325382;2401340472;
231803222;2401340472;2401340442;
231803222;2401340442;2401340432;
231803222;2401340432;2646078774;
231803222;2646078774;2646078771;
231803222;2646078771;2401340456;
231803223;2047961635;3804744187;
231803223;3804744187;3524466452;
231803224;1776325383;2401340407;
231803224;2401340407;2401340423;
231803224;2401340423;2401340440;
231803224;2401340440;2401340442;
231803225;1776325382;2401340415;
231803225;2401340415;2047961629;
231803225;2047961629;1776325375;
231803225;1776325375;1776325374;
231803225;1776325374;1776325364;
231803226;2047890873;2401340419;
231803226;2401340419;2401340430;
231803226;2401340430;2401340434;
231803226;2401340434;2401340425;
231803226;2401340425;2401340410;
231803226;2401340410;2401340466;
231803226;2401340466;2401340449;
231803226;2401340449;2401340446;
231803226;2401340446;2401340464;
231803226;2401340464;2401340413;
231803226;2401340413;2401340428;
231803226;2401340428;2401340404;
231803226;2401340404;2401340417;
231803226;2401340417;2401340468;
231803226;2401340468;2401340444;
231803226;2401340444;2401340453;
231803226;2401340453;2401340426;
231803226;2401340426;2401340451;
231803226;2401340451;2401340498;
231803226;2401340498;2401340495;
231803226;2401340495;2401340470;
254029850;830350189;830350221;
254029850;830350221;830350187;
254029850;830350187;830350185;
254029850;830350185;875778778;
256852538;482518680;482773167;
256852538;482773167;2195281220;
256852538;2195281220;2195281201;
256852538;2195281201;482769069;
256852538;482769069;3802280160;
256852538;3802280160;482769076;
256852538;482769076;482769686;
256852538;482769686;482769079;
256852538;482769079;482769082;
256852538;482769082;482770331;
256852538;482770331;482769085;
256852539;482518680;3802280218;
256852539;3802280218;2625680711;
256852539;2625680711;3211750765;
259254673;2646078769;2646078771;
259254673;2646078771;2646078793;
259254673;2646078793;2646078772;
259254674;2646078773;2646078774;
259254674;2646078774;2646078776;
259254674;2646078776;2646078791;
259254674;2646078791;2646078775;
259254675;2646078776;2646078778;
259254675;2646078778;2646078780;
259254675;2646078780;2646078789;
259254675;2646078789;2646078782;
259254675;2646078782;2646078775;
259254675;2646078775;2646078772;
259254675;2646078772;2646078784;
259254675;2646078784;2646078786;
259254675;2646078786;2646078788;
259254675;2646078788;2401340456;
259254676;2646078789;2646078791;
259254676;2646078791;2646078793;
259480511;442044294;3804744212;
259480511;3804744212;3804744186;
259480511;3804744186;442044296;
259480511;442044296;3804744169;
259480511;3804744169;3804744168;
259480511;3804744168;442044301;
259480512;442044116;442044117;
259480512;442044117;442044201;
259480512;442044201;2047960458;
259480512;2047960458;442044202;
259480512;442044202;2047960442;
259480512;2047960442;2047960457;
259480512;2047960457;3804744176;
259480512;3804744176;442044203;
259480512;442044203;442044204;
259480512;442044204;2047960447;
259480512;2047960447;2047960446;
259480512;2047960446;442044205;
259480512;442044205;442044206;
259480512;442044206;2047960462;
259480512;2047960462;1999088966;
260754713;2663175577;3802280199;
260754713;3802280199;2663175578;
260754713;2663175578;2663175579;
260754713;2663175579;2663175580;
260754713;2663175580;2663175581;
260754713;2663175581;3802280192;
260754713;3802280192;2663175583;
260754715;482773842;2663175595;
260754715;2663175595;2663175588;
260754717;2663175590;2663175592;
260754717;2663175592;2663175594;
260754717;2663175594;2663175588;
260754721;2663175595;2663175597;
260754722;2663175599;2663175601;
260754722;2663175601;2663175603;
260754722;2663175603;2663175605;
260754722;2663175605;3802280222;
260754722;3802280222;3802280230;
260754722;3802280230;2663175608;
260754727;2663175608;2663175610;
260754727;2663175610;3802280231;
260754727;3802280231;2663175607;
260754728;2047891054;2663175618;
260754728;2663175618;2663175620;
260755569;2047891054;442044740;
260755569;442044740;442044741;
260755569;442044741;442044742;
260755569;442044742;3891524528;
260755569;3891524528;442044743;
260755569;442044743;2047891010;
260755569;2047891010;2047890926;
260755569;2047890926;442044744;
260755569;442044744;2506981543;
260755569;2506981543;2047890882;
260755569;2047890882;2506981554;
260755569;2506981554;2047890886;
260755569;2047890886;2047891030;
260755569;2047891030;2047890880;
260755569;2047890880;2047890917;
260755569;2047890917;442044746;
260755569;442044746;3891524526;
260755569;3891524526;442044747;
260755569;442044747;631032770;
260755569;631032770;631032771;
260755569;631032771;442045160;
260755569;442045160;3891524524;
260755569;3891524524;442045161;
260755569;442045161;622045682;
260755569;622045682;4162401186;
260755569;4162401186;442045162;
260755569;442045162;4162401184;
260755569;4162401184;442045163;
260755569;442045163;442045164;
260755569;442045164;1962638961;
260755569;1962638961;442045165;
260755569;442045165;2506981528;
260755569;2506981528;442045168;
260756900;1102517437;1102517408;
260756900;1102517408;875778780;
260756900;875778780;830362244;
260756900;830362244;830362161;
260756900;830362161;830362160;
260756900;830362160;830350224;
260756901;1102517437;875778778;
260759799;1776325444;3802279796;
260759799;3802279796;1776325408;
260759800;2047891048;2663215657;
260759800;2663215657;1776325444;
260759801;2047891069;2663215656;
260759801;2663215656;2663215655;
260759802;2663215671;2663215672;
260759802;2663215672;2663215674;
260759802;2663215674;442044673;
260759803;2663215662;3888940548;
260759803;3888940548;2663215666;
260759803;2663215666;3005075418;
260759803;3005075418;3005075419;
260759803;3005075419;2998855962;
260759803;2998855962;2663215667;
260759803;2663215667;2663215665;
260759803;2663215665;3888940549;
260759803;3888940549;2663215663;
260759804;1776325454;2663215660;
260759804;2663215660;3888940546;
260759804;3888940546;3888940547;
260759804;3888940547;3802280110;
260759804;3802280110;2047890922;
260759805;2663175620;2663215672;
260759805;2663215672;2663215669;
260759805;2663215669;2663215668;
260759805;2663215668;2663215670;
260759805;2663215670;2663215673;
260759805;2663215673;442044673;
260759806;2646078784;2663215651;
260759806;2663215651;2663215653;
260759806;2663215653;2663215654;
260759806;2663215654;2047890964;
260977409;830352581;830362185;
260977409;830362185;830362243;
260977409;830362243;830362244;
260977409;830362244;830362182;
260977409;830362182;830362246;
260977410;2665728485;2665728486;
260977411;2665728487;2665728488;
261071426;2666897348;2666897353;
261071426;2666897353;2666897356;
261071426;2666897356;2666897366;
261071426;2666897366;2666897368;
261071426;2666897368;2666897371;
261071426;2666897371;2666897374;
261071426;2666897374;2666897377;
261071426;2666897377;3802279816;
261071426;3802279816;2666897380;
261071426;2666897380;2047951661;
261210406;830362133;2668366458;
261210407;2668366458;2668366452;
261210407;2668366452;830362131;
261211241;3211749255;482775819;
261211241;482775819;482774374;
261211241;482774374;482774370;
261211241;482774370;1746255487;
261211241;1746255487;482774338;
261214301;2668399040;2668399041;
261214301;2668399041;2668399042;
261214302;2668399043;2668399044;
261214303;2668399045;2668399046;
261214303;2668399046;2668399047;
261214303;2668399047;2668399055;
261214310;2668399055;2668399056;
261218312;2668433080;2668433081;
261218312;2668433081;2668433082;
261218312;2668433082;2668433084;
261218316;2668433105;2190585207;
261218316;2190585207;2668433106;
261218316;2668433106;2668433107;
261218316;2668433107;2668433108;
261218318;2668433106;2668433115;
261218318;2668433115;4312156267;
261218318;4312156267;2668433116;
261271122;1776325509;2047891058;
261271122;2047891058;2047890996;
261322935;2047890922;2669557820;
261322935;2669557820;2669557821;
261322935;2669557821;2669557822;
261322935;2669557822;2669557824;
261322935;2669557824;2047890914;
289271365;2928145227;442044954;
289271365;442044954;2506981546;
289271365;2506981546;1776325511;
296913514;1776325509;1776325507;
296913514;1776325507;3802280165;
296913514;3802280165;1776325505;
296913514;1776325505;3802280158;
296913514;3802280158;3802280157;
296913514;3802280157;442044667;
296913514;442044667;442044666;
296913514;442044666;442044665;
296913514;442044665;442044664;
296913514;442044664;3802280087;
296913514;3802280087;3802279856;
296913514;3802279856;3802279844;
296913514;3802279844;3802279838;
296913514;3802279838;2666897348;
296913514;2666897348;2047951661;
296913514;2047951661;3802279810;
296913514;3802279810;2047951510;
296913515;2047951510;442044103;
296913515;442044103;3802279782;
296913515;3802279782;442044104;
296913515;442044104;3802279771;
296913515;3802279771;442044025;
315084861;482502863;482502866;
315084861;482502866;482502867;
315084861;482502867;3802280285;
315084861;3802280285;482502868;
315084861;482502868;482502869;
315084861;482502869;3802280288;
315084861;3802280288;3802280289;
315084861;3802280289;482502874;
315084861;482502874;3802280290;
315084861;3802280290;1999089037;
315084863;3802280245;3211749256;
315084865;3211749256;3211749258;
315084865;3211749258;1909481822;
315084865;1909481822;3211749259;
315084865;3211749259;3211749260;
315084865;3211749260;3211750761;
315084865;3211750761;3211750763;
315084866;3211750772;3802280249;
315084866;3802280249;3802280246;
315084866;3802280246;3802280245;
315084866;3802280245;3211750762;
317260977;2047890912;2047891004;
317260977;2047891004;2669557814;
317260977;2669557814;1776325480;
317260979;2047890912;4314275684;
317260979;4314275684;1776325462;
327485421;482500732;482516642;
327485421;482516642;2195317917;
327485421;2195317917;442043133;
327485421;442043133;2195317915;
327485421;2195317915;482516507;
327485421;482516507;2195290748;
327485421;2195290748;442043138;
327485421;442043138;442043139;
327485421;442043139;2195288698;
327485421;2195288698;1909481809;
327485422;442043052;2195290748;
327485423;482516993;482516240;
327485424;483132937;483134060;
327485424;483134060;483138885;
327485424;483138885;2195303065;
327485424;2195303065;2195303063;
327485425;483132147;483132152;
327485425;483132152;442043052;
327485426;483132937;483132147;
327485427;442043055;2195295291;
327485427;2195295291;2195295290;
327485427;2195295290;483132937;
327485428;442043052;482052933;
327485428;482052933;2195317914;
327485428;2195317914;483125500;
327485428;483125500;483125546;
327485428;483125546;3342765353;
327485428;3342765353;442043042;
327485428;442043042;483121813;
327485428;483121813;442043036;
327485428;442043036;442043034;
327485428;442043034;483120515;
327485428;483120515;442043032;
327485428;442043032;483119247;
327485428;483119247;482075182;
327485428;482075182;3342765341;
327485428;3342765341;442043020;
327485428;442043020;482075216;
327485428;482075216;482051603;
327485428;482051603;3342765332;
327485428;3342765332;481442872;
327485431;1909481809;442043055;
327485432;1909481809;2195299897;
327485432;2195299897;442043147;
327485432;442043147;442043150;
327485432;442043150;442043837;
327485432;442043837;3342822886;
327485432;3342822886;483134105;
327485432;483134105;442043838;
327485432;442043838;442043839;
327485432;442043839;2047970064;
327485432;2047970064;442043842;
327485432;442043842;2047970045;
327485432;2047970045;2047970051;
327485432;2047970051;442043843;
327485432;442043843;2047970066;
327485432;2047970066;482770075;
327485432;482770075;3802279777;
327485432;3802279777;3802279778;
327485432;3802279778;3802279787;
327485432;3802279787;3342823796;
327492421;3342822876;483138822;
327492422;442043057;3342822877;
327492422;3342822877;3342822876;
327492424;3342822886;3342822887;
327492424;3342822887;3342822888;
327492424;3342822888;3342822889;
327492425;442043986;2195303064;
327492425;2195303064;483134105;
327492426;442043986;3342822889;
327492426;3342822889;2195307216;
327492426;2195307216;2195299896;
327492426;2195299896;2195307217;
327492426;2195307217;442043057;
327492426;442043057;483138822;
327492426;483138822;2195295288;
327492426;2195295288;442043055;
327492426;442043055;475762447;
327492426;475762447;483132942;
327492426;483132942;2195295293;
327492426;2195295293;442043054;
327492426;442043054;442043053;
327492426;442043053;2195288697;
327492426;2195288697;442043052;
327492428;442043991;442043990;
327492428;442043990;2047970061;
327492428;2047970061;2047970047;
327492428;2047970047;442043988;
327492428;442043988;442043987;
327492428;442043987;442043986;
327492430;2047951600;3802279773;
327492430;3802279773;442044006;
327492430;442044006;3802279768;
327492430;3802279768;475758721;
327492430;475758721;442043991;
327492431;2047951600;442044097;
327492431;442044097;3802279779;
327492431;3802279779;3802279783;
327492431;3802279783;2047951476;
327492431;2047951476;3802279787;
340341263;1776325511;442044952;
340341263;442044952;442044951;
340341263;442044951;442044949;
340341263;442044949;2663215671;
340341263;2663215671;2506981538;
340341263;2506981538;2663175620;
340341263;2663175620;442044673;
340341263;442044673;3802280209;
340341263;3802280209;3802280208;
340341263;3802280208;830362278;
340341263;830362278;2047890848;
340341264;1776325511;2047890926;
351503142;3572937188;3524466461;
351503142;3524466461;3524466460;
351503142;3524466460;1999089010;
351503142;1999089010;3804744192;
351503142;3804744192;3804744194;
351503142;3804744194;1776325379;
351503142;1776325379;1776325395;
351503142;1776325395;3804744213;
351503142;3804744213;3524466456;
351503142;3524466456;3804744214;
351503142;3804744214;3524466457;
351503142;3524466457;3524466458;
351503142;3524466458;3804744201;
351503142;3804744201;3524466459;
351503144;1999089002;3804744198;
351503144;3804744198;1999089014;
351503144;1999089014;1999088969;
351503144;1999088969;3804744188;
351503144;3804744188;1999089020;
351503144;1999089020;3804744189;
351503144;3804744189;3804744191;
351503144;3804744191;3804744195;
351503144;3804744195;1776325379;
351503145;3524466459;1776325383;
351503145;1776325383;3804744199;
351503145;3804744199;1776325382;
371816347;3753580373;3772345904;
371816347;3772345904;3772345905;
371816347;3772345905;482774306;
371816347;482774306;442104892;
371816347;442104892;1795168143;
371816347;1795168143;442104891;
371816347;442104891;1746255490;
371816348;442105103;3753580373;
371816350;3753580374;3753580375;
373820533;3772345880;3772345882;
373820537;3772345882;3772345886;
373820554;3772345898;3772345903;
373820554;3772345903;1917738612;
373820554;1917738612;442105105;
373820554;442105105;482501053;
373820554;482501053;442105104;
373820554;442105104;3772345906;
373820554;3772345906;442105103;
376848174;482517796;2195281236;
376848174;2195281236;482517793;
376848174;482517793;482517789;
376848174;482517789;2195281203;
376848174;2195281203;2195281229;
376848174;2195281229;482517787;
376848174;482517787;3802280244;
376848174;3802280244;482517666;
376848174;482517666;3802280240;
376848175;3802280076;442044696;
376848175;442044696;3802280145;
376848175;3802280145;442044698;
376848175;442044698;3802280154;
376848175;3802280154;2331316614;
376848175;2331316614;3802280162;
376848175;3802280162;475765862;
376848176;830362212;3802280197;
376848176;3802280197;3802280200;
376848176;3802280200;830362191;
376848176;830362191;2047890980;
376848176;2047890980;3802280215;
376848176;3802280215;3802280216;
376848176;3802280216;2047890830;
376848176;2047890830;442044739;
376848176;442044739;2047891054;
376848177;475765862;442044700;
376848177;442044700;442044701;
376848177;442044701;3802280175;
376848177;3802280175;2047890996;
376848177;2047890996;482775782;
376848177;482775782;3802280189;
376848177;3802280189;3802280191;
376848177;3802280191;830362212;
376848178;3802279793;3802279830;
376848178;3802279830;3802279846;
376848178;3802279846;3802279853;
376848178;3802279853;3802280067;
376848178;3802280067;3802280083;
376848178;3802280083;3802280101;
376848178;3802280101;3802280108;
376848178;3802280108;3802280132;
376848178;3802280132;3802280135;
376848178;3802280135;3802280142;
376848178;3802280142;3802280143;
376848178;3802280143;3802280148;
376848178;3802280148;3802280151;
376848178;3802280151;3802280153;
376848178;3802280153;3802280155;
376848178;3802280155;3802280157;
376848179;482503092;1679221536;
376848179;1679221536;3211749253;
376848179;3211749253;163559155;
376848179;163559155;3802280265;
376848179;3802280265;3802280263;
376848179;3802280263;163559156;
376848179;163559156;1999089016;
376848179;1999089016;475763575;
376848179;475763575;475768561;
376848179;475768561;163559162;
376848179;163559162;163559164;
376848179;163559164;3802280172;
376848179;3802280172;163559165;
376848185;482773188;3802280194;
376848185;3802280194;482772217;
376848186;1776325444;3802280062;
376848186;3802280062;2047890805;
376848187;3802280124;3802280120;
376848187;3802280120;3802280097;
376848187;3802280097;1776325454;
376848187;1776325454;2047890789;
376848187;2047890789;2047890867;
376848188;3802280123;3802280125;
376848188;3802280125;830362323;
376848188;830362323;1776325458;
376848188;1776325458;1776325494;
376848189;3802280071;482770321;
376848189;482770321;3802280127;
376848190;2663175607;2663175612;
376848190;2663175612;2663175614;
376848191;3802280171;3802280160;
376848192;3211749254;3802280235;
376848192;3802280235;3211750765;
376848193;3802279849;3802280060;
376848193;3802280060;3802280065;
376848193;3802280065;3802280072;
376848193;3802280072;3802280090;
376848193;3802280090;3802280113;
376848193;3802280113;3802280130;
376848193;3802280130;3802280146;
376848193;3802280146;3802280159;
376848193;3802280159;3802280167;
376848194;3802279856;3802279835;
376848194;3802279835;3802279823;
376848194;3802279823;3802279818;
376848194;3802279818;3802279813;
376848194;3802279813;3802279811;
376848194;3802279811;3802279805;
376848194;3802279805;3802279800;
376848194;3802279800;3802279797;
376848194;3802279797;3802279790;
376848194;3802279790;2362845086;
376848194;2362845086;3802279788;
376848194;3802279788;3802279792;
376848194;3802279792;3802279793;
376848196;3802280240;1407577056;
376848198;3802279793;1776325412;
376848199;3802280116;3802280131;
376848203;3802280292;3802280286;
376848204;3802280076;3802279856;
376848205;3802280103;3802279840;
376848206;3802280156;3802280153;
376848208;3802280291;3802280287;
376848215;475765862;3802280158;
376848216;482772217;3802280176;
376848216;3802280176;3802280173;
376848220;3802279830;3802279831;
376848220;3802279831;3802279836;
376848220;3802279836;3802280080;
376848221;3802280152;3802280147;
376848221;3802280147;3802280144;
376848221;3802280144;482773018;
376848225;3802280135;3802280134;
376848225;3802280134;3802280080;
376848225;3802280080;3802279823;
376848226;830362212;3802280193;
376848226;3802280193;3802280186;
376848226;3802280186;3802280178;
376848232;2047890922;3802280079;
376848232;3802280079;2047890867;
376848233;3802279792;3802279794;
376848233;3802279794;3802279798;
376848233;3802279798;3802279809;
376848233;3802279809;3802279812;
376848233;3802279812;3802279813;
376848234;3802280098;3802280116;
376848234;3802280116;3802280118;
376848234;3802280118;3802280115;
376848234;3802280115;3802280100;
376848234;3802280100;3802280077;
376848234;3802280077;3802279854;
376848235;3802280194;3802280187;
376848235;3802280187;3802280181;
376848235;3802280181;3802280177;
376848235;3802280177;3802280170;
376848235;3802280170;3802280168;
376848235;3802280168;3802280147;
376848236;1776325466;3802280081;
376848236;3802280081;3802280063;
376848236;3802280063;3802279854;
376848236;3802279854;3802279848;
376848236;3802279848;3802279839;
376848236;3802279839;1776325440;
376848236;1776325440;1776325436;
376848237;3802280090;3802280099;
376848237;3802280099;3802280104;
376848237;3802280104;3802280107;
376848237;3802280107;3802280109;
376848237;3802280109;3802280106;
376848237;3802280106;3802280086;
376848237;3802280086;3802280082;
376848237;3802280082;3802280076;
377112718;1999089024;3804744193;
377112718;3804744193;163559176;
377112718;163559176;3211750774;
377112718;3211750774;163559177;
377112718;163559177;3804744165;
377112718;3804744165;442044301;
377112718;442044301;3804744158;
377112718;3804744158;163559180;
377112718;163559180;163559182;
377112718;163559182;3804744141;
377112718;3804744141;163559183;
377112718;163559183;3804744124;
377112718;3804744124;163559185;
385551587;1776325456;2047891069;
385551587;2047891069;2047890797;
385551587;2047890797;2047890901;
385551588;2047890914;3888940545;
385551588;3888940545;2047890901;
385551589;2047890901;2663215655;
385551589;2663215655;2663215652;
385551589;2663215652;2646078784;
385739421;1776325462;1776325443;
385739421;1776325443;2047891018;
385739421;2047891018;2669557817;
385739421;2669557817;1776325427;
385739421;1776325427;3235097903;
385739421;3235097903;2047890968;
385739422;2047891021;3888940544;
385739422;3888940544;2047890958;
385739422;2047890958;2047890912;
385820774;2047890848;442044672;
385820774;442044672;3802280207;
385820774;3802280207;442044671;
385820774;442044671;442044670;
385820774;442044670;3802280185;
385820774;3802280185;3802280178;
385820774;3802280178;442044669;
385820774;442044669;3802280174;
385820774;3802280174;1776325509;
385823297;2047951510;3802279789;
385823297;3802279789;3802279781;
385823297;3802279781;2047951600;
385823298;3342823796;482769085;
385823298;482769085;3802279841;
385823298;3802279841;3802279849;
385823298;3802279849;3802280076;
427238596;4264764850;4264764853;
427261531;4264965593;4264965575;
