163546969;-22.87653;-43.276;-0.7553086;-0.3992707
163546970;-22.87667;-43.2762;-0.7553122;-0.3992732
163546971;-22.87756;-43.27703;-0.7553267;-0.3992887
163546973;-22.87811;-43.27737;-0.7553325;-0.3992983
163546975;-22.87911;-43.27815;-0.7553462;-0.3993158
163546977;-22.87971;-43.27891;-0.7553594;-0.3993263
163546980;-22.88067;-43.28053;-0.7553877;-0.399343
163546981;-22.88095;-43.28117;-0.7553989;-0.399348
163546982;-22.88113;-43.28165;-0.7554073;-0.3993511
163546985;-22.88216;-43.2849;-0.755464;-0.399369
163546987;-22.88242;-43.28604;-0.7554839;-0.3993736
163546990;-22.88285;-43.28805;-0.755519;-0.399381
163546992;-22.88325;-43.28906;-0.7555366;-0.399388
163546994;-22.88343;-43.28939;-0.7555425;-0.3993912
163546995;-22.88419;-43.29049;-0.7555616;-0.3994045
163546997;-22.88455;-43.29088;-0.7555684;-0.3994107
163546998;-22.8855;-43.29169;-0.7555825;-0.3994273
163547000;-22.88606;-43.29207;-0.7555892;-0.3994371
163547001;-22.88664;-43.29247;-0.7555962;-0.3994472
163547003;-22.88676;-43.29257;-0.7555978;-0.3994493
163547005;-22.88722;-43.29301;-0.7556055;-0.3994574
163547006;-22.88757;-43.29342;-0.7556127;-0.3994635
163547009;-22.88919;-43.29543;-0.7556478;-0.3994917
163547012;-22.89045;-43.29705;-0.755676;-0.3995138
163547014;-22.89115;-43.29796;-0.7556919;-0.399526
163547016;-22.89168;-43.29863;-0.7557036;-0.3995352
163547017;-22.89217;-43.29913;-0.7557124;-0.3995437
163547019;-22.89294;-43.29972;-0.7557226;-0.3995572
163547020;-22.89334;-43.29994;-0.7557265;-0.3995641
163547025;-22.89524;-43.30057;-0.7557375;-0.3995973
163547028;-22.8966;-43.30123;-0.755749;-0.3996211
163547029;-22.89694;-43.30145;-0.7557528;-0.3996269
163547032;-22.89806;-43.30238;-0.7557691;-0.3996466
163559145;-22.89701;-43.30133;-0.7557508;-0.3996282
163559146;-22.89667;-43.30112;-0.7557471;-0.3996223
163559147;-22.89613;-43.30082;-0.7557419;-0.3996129
163559149;-22.89527;-43.30045;-0.7557355;-0.3995979
163559152;-22.89357;-43.29988;-0.7557256;-0.3995682
163559155;-22.89239;-43.2991;-0.7557119;-0.3995475
163559156;-22.89178;-43.29846;-0.7557007;-0.399537
163559162;-22.88733;-43.29288;-0.7556033;-0.3994592
163559164;-22.88698;-43.29255;-0.7555976;-0.3994531
163559165;-22.88613;-43.29195;-0.755587;-0.3994383
163559167;-22.88561;-43.29161;-0.7555812;-0.3994293
163559168;-22.885;-43.29113;-0.7555728;-0.3994186
163559170;-22.8838;-43.28977;-0.7555491;-0.3993976
163559171;-22.88324;-43.28874;-0.7555311;-0.399388
163559172;-22.88296;-43.28797;-0.7555175;-0.3993829
163559173;-22.88282;-43.28748;-0.755509;-0.3993806
163559174;-22.8827;-43.28688;-0.7554986;-0.3993785
163559176;-22.88238;-43.28514;-0.7554682;-0.3993729
163559177;-22.88194;-43.28352;-0.7554399;-0.3993652
163559180;-22.88105;-43.28084;-0.7553932;-0.3993497
163559182;-22.88085;-43.28042;-0.7553858;-0.3993462
163559183;-22.87987;-43.27875;-0.7553567;-0.3993291
163559185;-22.87922;-43.27793;-0.7553424;-0.3993177
442043020;-22.88632;-43.30753;-0.7558589;-0.3994417
442043032;-22.88684;-43.30466;-0.7558089;-0.3994507
442043034;-22.88681;-43.30411;-0.7557994;-0.3994503
442043036;-22.88671;-43.30363;-0.7557909;-0.3994484
442043042;-22.88624;-43.30269;-0.7557745;-0.3994402
442043052;-22.8853;-43.29952;-0.7557192;-0.3994239
442043053;-22.88523;-43.29914;-0.7557126;-0.3994226
442043054;-22.88513;-43.29878;-0.7557063;-0.3994209
442043055;-22.88499;-43.29847;-0.7557009;-0.3994184
442043057;-22.88416;-43.29753;-0.7556844;-0.399404
442043133;-22.88548;-43.30112;-0.7557471;-0.399427
442043138;-22.88535;-43.29932;-0.7557158;-0.3994248
442043139;-22.88518;-43.29858;-0.7557028;-0.3994218
442043147;-22.88423;-43.29748;-0.7556835;-0.3994052
442043150;-22.88352;-43.29668;-0.7556697;-0.3993928
442043237;-22.88516;-43.29819;-0.755696;-0.3994214
442043837;-22.88316;-43.2963;-0.755663;-0.3993866
442043838;-22.88195;-43.29477;-0.7556363;-0.3993654
442043839;-22.88181;-43.29452;-0.7556319;-0.399363
442043842;-22.88154;-43.29372;-0.755618;-0.3993582
442043843;-22.88162;-43.29345;-0.7556133;-0.3993597
442043986;-22.88257;-43.29583;-0.7556547;-0.3993763
442043987;-22.88188;-43.29493;-0.7556391;-0.3993642
442043988;-22.88166;-43.29459;-0.7556332;-0.3993604
442043990;-22.8814;-43.29362;-0.7556163;-0.3993558
442043991;-22.88144;-43.29342;-0.7556128;-0.3993564
442044006;-22.88255;-43.29238;-0.7555946;-0.3993758
442044023;-22.88261;-43.29203;-0.7555884;-0.3993769
442044025;-22.88234;-43.29134;-0.7555765;-0.3993722
442044026;-22.88096;-43.29002;-0.7555534;-0.3993481
442044097;-22.8828;-43.29215;-0.7555906;-0.3993803
442044103;-22.88325;-43.29166;-0.755582;-0.399388
442044104;-22.88271;-43.2916;-0.755581;-0.3993787
442044116;-22.88157;-43.28687;-0.7554984;-0.3993588
442044117;-22.88164;-43.28646;-0.7554912;-0.3993599
442044190;-22.88188;-43.28399;-0.7554481;-0.3993641
442044201;-22.88166;-43.28635;-0.7554894;-0.3993604
442044202;-22.88176;-43.28618;-0.7554863;-0.3993621
442044203;-22.882;-43.28604;-0.7554839;-0.3993662
442044204;-22.88207;-43.28604;-0.7554839;-0.3993675
442044205;-22.88229;-43.28619;-0.7554866;-0.3993714
442044206;-22.88236;-43.28631;-0.7554887;-0.3993725
442044285;-22.88163;-43.28677;-0.7554967;-0.3993598
442044286;-22.88183;-43.28668;-0.7554951;-0.3993633
442044287;-22.88189;-43.28669;-0.7554953;-0.3993644
442044288;-22.88198;-43.28671;-0.7554957;-0.3993658
442044292;-22.88288;-43.28689;-0.7554987;-0.3993815
442044293;-22.88296;-43.28669;-0.7554952;-0.399383
442044294;-22.88295;-43.2865;-0.7554919;-0.3993827
442044296;-22.88186;-43.28297;-0.7554303;-0.3993639
442044301;-22.8814;-43.28181;-0.7554101;-0.3993557
442044664;-22.88534;-43.28997;-0.7555525;-0.3994246
442044665;-22.88558;-43.28968;-0.7555475;-0.3994287
442044666;-22.88569;-43.28944;-0.7555432;-0.3994307
442044667;-22.88589;-43.28905;-0.7555365;-0.3994341
442044669;-22.88663;-43.28788;-0.7555161;-0.3994471
442044670;-22.88693;-43.28694;-0.7554997;-0.3994523
442044671;-22.88733;-43.28566;-0.7554774;-0.3994592
442044672;-22.88739;-43.28529;-0.7554708;-0.3994603
442044673;-22.88748;-43.28367;-0.7554426;-0.3994618
442044696;-22.88545;-43.2901;-0.7555549;-0.3994265
442044698;-22.88587;-43.28947;-0.7555439;-0.3994338
442044700;-22.88644;-43.28855;-0.7555277;-0.3994437
442044701;-22.88661;-43.2883;-0.7555234;-0.3994467
442044739;-22.88763;-43.28301;-0.755431;-0.3994645
442044740;-22.88759;-43.28261;-0.7554241;-0.3994638
442044741;-22.88751;-43.28213;-0.7554156;-0.3994623
442044742;-22.88733;-43.28148;-0.7554044;-0.3994594
442044743;-22.88707;-43.28066;-0.75539;-0.3994547
442044744;-22.88672;-43.28003;-0.7553791;-0.3994487
442044746;-22.88397;-43.27678;-0.7553223;-0.3994006
442044747;-22.88354;-43.27639;-0.7553155;-0.3993931
442044949;-22.88732;-43.28205;-0.7554143;-0.3994592
442044951;-22.88713;-43.28129;-0.755401;-0.3994558
442044952;-22.88694;-43.28073;-0.7553912;-0.3994525
442044954;-22.88656;-43.28004;-0.7553792;-0.3994458
442045160;-22.88167;-43.27493;-0.7552899;-0.3993605
442045161;-22.88129;-43.27437;-0.7552803;-0.3993539
442045162;-22.88102;-43.27366;-0.7552678;-0.3993491
442045163;-22.88098;-43.27341;-0.7552636;-0.3993483
442045164;-22.88098;-43.27309;-0.755258;-0.3993484
442045165;-22.88101;-43.2726;-0.7552494;-0.3993489
442045168;-22.88101;-43.27129;-0.7552266;-0.3993489
442104599;-22.9025;-43.27673;-0.7553215;-0.399724
442104600;-22.90214;-43.2774;-0.7553332;-0.3997177
442104601;-22.90186;-43.2777;-0.7553383;-0.3997128
442104603;-22.90032;-43.27929;-0.755366;-0.399686
442104604;-22.89962;-43.27996;-0.7553779;-0.3996737
442104605;-22.89902;-43.28058;-0.7553887;-0.3996632
442104606;-22.8985;-43.28116;-0.7553987;-0.3996543
442104607;-22.89818;-43.2816;-0.7554065;-0.3996486
442104608;-22.89791;-43.2821;-0.7554152;-0.3996439
442104609;-22.89763;-43.28262;-0.7554242;-0.3996391
442104611;-22.89724;-43.28396;-0.7554476;-0.3996322
442104612;-22.89717;-43.28445;-0.7554563;-0.399631
442104613;-22.89709;-43.2849;-0.755464;-0.3996296
442104614;-22.89692;-43.28593;-0.755482;-0.3996266
442104615;-22.89686;-43.28626;-0.7554877;-0.3996256
442104616;-22.89671;-43.28699;-0.7555006;-0.399623
442104617;-22.89652;-43.28774;-0.7555136;-0.3996197
442104618;-22.89631;-43.28852;-0.7555272;-0.3996159
442104619;-22.89612;-43.28923;-0.7555395;-0.3996128
442104620;-22.89605;-43.2895;-0.7555443;-0.3996114
442104886;-22.89518;-43.29295;-0.7556044;-0.3995962
442104887;-22.89518;-43.29347;-0.7556136;-0.3995963
442104888;-22.89515;-43.29416;-0.7556257;-0.3995958
442104889;-22.89518;-43.29472;-0.7556354;-0.3995963
442104890;-22.8953;-43.29562;-0.7556511;-0.3995984
442104891;-22.89537;-43.29641;-0.7556649;-0.3995996
442104892;-22.89539;-43.29819;-0.7556961;-0.3995999
442105103;-22.89538;-43.30019;-0.7557308;-0.3995998
442105104;-22.89538;-43.3009;-0.7557433;-0.3995998
442105105;-22.89534;-43.30112;-0.7557471;-0.399599
442130299;-22.89838;-43.28191;-0.7554117;-0.3996522
442130300;-22.89807;-43.28256;-0.7554231;-0.3996467
442130301;-22.89773;-43.28342;-0.7554381;-0.3996407
442130302;-22.89762;-43.28395;-0.7554474;-0.3996389
442130303;-22.89746;-43.28489;-0.7554638;-0.3996361
442134529;-22.89737;-43.28547;-0.755474;-0.3996345
442134530;-22.89724;-43.2862;-0.7554867;-0.3996322
442134531;-22.89677;-43.28796;-0.7555174;-0.399624
442134532;-22.89587;-43.29128;-0.7555754;-0.3996083
442134533;-22.89584;-43.29151;-0.7555794;-0.3996077
442134534;-22.89582;-43.29212;-0.75559;-0.3996074
442134536;-22.89577;-43.29617;-0.7556607;-0.3996066
442134537;-22.89578;-43.29793;-0.7556915;-0.3996068
442134538;-22.89584;-43.29874;-0.7557057;-0.3996077
475758721;-22.88165;-43.29324;-0.7556095;-0.3993601
475762447;-22.88503;-43.29853;-0.7557019;-0.3994192
475763575;-22.88935;-43.29533;-0.755646;-0.3994945
475765862;-22.8863;-43.28874;-0.755531;-0.3994413
475766859;-22.88642;-43.28884;-0.7555327;-0.3994434
475766861;-22.8865;-43.28889;-0.7555338;-0.3994447
475766863;-22.88704;-43.28932;-0.7555411;-0.3994541
475768532;-22.88746;-43.29247;-0.7555962;-0.3994616
475768536;-22.88747;-43.29284;-0.7556027;-0.3994618
475768541;-22.88763;-43.29308;-0.7556067;-0.3994644
475768561;-22.8877;-43.29327;-0.7556101;-0.3994657
475768683;-22.88807;-43.29;-0.7555531;-0.3994722
475768686;-22.88818;-43.2901;-0.7555549;-0.3994741
475768693;-22.88834;-43.29034;-0.755559;-0.3994769
475768699;-22.8884;-43.29058;-0.7555631;-0.3994779
475768705;-22.88834;-43.29086;-0.755568;-0.3994769
475769557;-22.88707;-43.2925;-0.7555966;-0.3994547
475769560;-22.88714;-43.29252;-0.7555971;-0.3994559
475769562;-22.88723;-43.29253;-0.7555972;-0.3994575
481442872;-22.8851;-43.31062;-0.7559128;-0.3994203
482051603;-22.88552;-43.30948;-0.755893;-0.3994276
482052933;-22.88535;-43.30086;-0.7557426;-0.3994248
482075182;-22.88654;-43.30658;-0.7558424;-0.3994455
482075216;-22.88611;-43.30806;-0.7558682;-0.399438
482500732;-22.88611;-43.3023;-0.7557678;-0.399438
482501053;-22.89536;-43.30105;-0.7557459;-0.3995994
482501787;-22.89236;-43.29963;-0.7557211;-0.3995471
482501788;-22.89237;-43.30105;-0.7557459;-0.3995472
482501823;-22.89255;-43.29945;-0.755718;-0.3995504
482502378;-22.89272;-43.29975;-0.7557232;-0.3995533
482502381;-22.89285;-43.2999;-0.7557258;-0.3995556
482502384;-22.89292;-43.30001;-0.7557278;-0.3995568
482502387;-22.89297;-43.30014;-0.75573;-0.3995577
482502389;-22.89301;-43.30055;-0.7557372;-0.3995583
482502395;-22.89292;-43.30106;-0.755746;-0.3995568
482502863;-22.89308;-43.3006;-0.7557381;-0.3995596
482502866;-22.89309;-43.30041;-0.7557347;-0.3995597
482502867;-22.89311;-43.30032;-0.7557332;-0.3995601
482502868;-22.89319;-43.3002;-0.755731;-0.3995615
482502869;-22.89325;-43.30015;-0.7557302;-0.3995627
482502874;-22.89344;-43.30014;-0.7557301;-0.399566
482503092;-22.8933;-43.29975;-0.7557232;-0.3995636
482503555;-22.89244;-43.299;-0.7557101;-0.3995484
482503557;-22.89239;-43.29892;-0.7557086;-0.3995475
482503559;-22.89235;-43.29881;-0.7557068;-0.3995469
482503560;-22.89234;-43.29873;-0.7557054;-0.3995467
482503562;-22.89244;-43.29855;-0.7557023;-0.3995485
482503564;-22.89264;-43.29855;-0.7557023;-0.399552
482503987;-22.89235;-43.29827;-0.7556974;-0.399547
482503989;-22.89235;-43.29845;-0.7557005;-0.3995468
482503994;-22.89233;-43.29852;-0.7557017;-0.3995465
482504000;-22.89223;-43.2986;-0.755703;-0.3995449
482504002;-22.89199;-43.29854;-0.7557021;-0.3995406
482504854;-22.88995;-43.30108;-0.7557464;-0.399505
482505367;-22.89395;-43.29874;-0.7557057;-0.3995747
482506290;-22.89384;-43.30001;-0.7557278;-0.3995729
482515715;-22.9027;-43.29984;-0.7557247;-0.3997275
482516238;-22.8876;-43.30094;-0.755744;-0.399464
482516240;-22.88606;-43.29769;-0.7556873;-0.3994371
482516300;-22.88704;-43.29972;-0.7557227;-0.3994542
482516507;-22.88542;-43.30068;-0.7557395;-0.3994259
482516642;-22.88594;-43.30199;-0.7557623;-0.399435
482516681;-22.88689;-43.30142;-0.7557523;-0.3994516
482516849;-22.88629;-43.30012;-0.7557296;-0.3994411
482516929;-22.88581;-43.30044;-0.7557353;-0.3994327
482516993;-22.88657;-43.29874;-0.7557056;-0.399446
482517489;-22.88892;-43.30108;-0.7557465;-0.399487
482517633;-22.88693;-43.29706;-0.7556763;-0.3994524
482517666;-22.8891;-43.29557;-0.7556503;-0.3994902
482517787;-22.89048;-43.29729;-0.7556802;-0.3995142
482517789;-22.89052;-43.29747;-0.7556834;-0.3995149
482517793;-22.8905;-43.29752;-0.7556842;-0.3995145
482517796;-22.89036;-43.29762;-0.755686;-0.3995122
482517992;-22.89169;-43.3003;-0.7557328;-0.3995354
482517995;-22.89175;-43.30051;-0.7557365;-0.3995365
482518002;-22.89181;-43.30106;-0.7557461;-0.3995375
482518059;-22.8879;-43.29902;-0.7557104;-0.3994692
482518080;-22.8911;-43.30107;-0.7557462;-0.3995251
482518341;-22.88962;-43.29803;-0.7556932;-0.3994993
482518676;-22.88879;-43.29851;-0.7557015;-0.3994848
482518680;-22.88778;-43.29642;-0.7556651;-0.3994671
482769069;-22.88674;-43.29445;-0.7556307;-0.399449
482769076;-22.88581;-43.29337;-0.7556119;-0.3994327
482769079;-22.88472;-43.29266;-0.7555994;-0.3994137
482769082;-22.88464;-43.29258;-0.7555981;-0.3994123
482769085;-22.88383;-43.29149;-0.755579;-0.3993982
482769170;-22.88671;-43.29725;-0.7556796;-0.3994484
482769288;-22.88579;-43.29551;-0.7556493;-0.3994325
482769571;-22.88619;-43.29517;-0.7556432;-0.3994393
482769684;-22.88521;-43.29406;-0.7556238;-0.3994222
482769685;-22.88587;-43.29545;-0.7556481;-0.3994338
482769686;-22.88503;-43.29287;-0.7556031;-0.3994191
482769767;-22.88574;-43.29426;-0.7556273;-0.3994316
482769891;-22.88549;-43.29672;-0.7556703;-0.3994271
482769902;-22.88616;-43.29626;-0.7556624;-0.3994389
482770072;-22.88479;-43.29717;-0.7556782;-0.3994149
482770074;-22.88468;-43.29712;-0.7556773;-0.3994131
482770075;-22.88243;-43.29272;-0.7556005;-0.3993737
482770103;-22.88557;-43.29792;-0.7556912;-0.3994285
482770321;-22.88484;-43.29364;-0.7556165;-0.3994159
482770325;-22.88423;-43.29254;-0.7555974;-0.3994051
482770329;-22.88423;-43.2924;-0.755595;-0.3994052
482770331;-22.88439;-43.29226;-0.7555924;-0.399408
482770416;-22.88508;-43.29411;-0.7556248;-0.3994201
482772217;-22.88734;-43.29333;-0.7556112;-0.3994595
482772249;-22.88863;-43.29489;-0.7556384;-0.399482
482772253;-22.88885;-43.29515;-0.755643;-0.3994858
482773018;-22.88573;-43.29258;-0.7555981;-0.3994313
482773019;-22.8862;-43.29292;-0.7556039;-0.3994395
482773020;-22.88628;-43.29299;-0.7556052;-0.399441
482773022;-22.88721;-43.29412;-0.755625;-0.3994572
482773032;-22.88819;-43.29527;-0.755645;-0.3994743
482773167;-22.88749;-43.29586;-0.7556552;-0.3994621
482773188;-22.88692;-43.29375;-0.7556185;-0.3994522
482773319;-22.88779;-43.29298;-0.7556051;-0.3994674
482773842;-22.8884;-43.28977;-0.755549;-0.399478
482773873;-22.89529;-43.29552;-0.7556493;-0.3995982
482774298;-22.89112;-43.29627;-0.7556624;-0.3995254
482774300;-22.89154;-43.29694;-0.7556741;-0.3995328
482774302;-22.89232;-43.29823;-0.7556966;-0.3995464
482774303;-22.89281;-43.29867;-0.7557043;-0.3995549
482774305;-22.89305;-43.29874;-0.7557056;-0.3995591
482774306;-22.89539;-43.29873;-0.7557055;-0.3995999
482774338;-22.8939;-43.29551;-0.7556492;-0.3995739
482774370;-22.89228;-43.29488;-0.7556381;-0.3995457
482774374;-22.8914;-43.29459;-0.7556332;-0.3995302
482774417;-22.89143;-43.29678;-0.7556714;-0.3995308
482774443;-22.89106;-43.29723;-0.7556791;-0.3995244
482774452;-22.89147;-43.29685;-0.7556726;-0.3995315
482774505;-22.89233;-43.29683;-0.7556723;-0.3995465
482774508;-22.89393;-43.29682;-0.755672;-0.3995745
482774934;-22.89136;-43.29852;-0.7557018;-0.3995295
482774935;-22.89155;-43.29877;-0.7557061;-0.399533
482774936;-22.892;-43.29939;-0.755717;-0.3995407
482774937;-22.89214;-43.29972;-0.7557227;-0.3995433
482774938;-22.89236;-43.29979;-0.7557238;-0.3995471
482775780;-22.89138;-43.29156;-0.7555803;-0.39953
482775781;-22.89028;-43.29056;-0.7555628;-0.3995107
482775782;-22.88684;-43.2878;-0.7555146;-0.3994507
482775819;-22.89063;-43.29433;-0.7556287;-0.3995169
482775865;-22.89243;-43.28891;-0.755534;-0.3995483
482854799;-22.88264;-43.2885;-0.7555268;-0.3993775
482855297;-22.88164;-43.29038;-0.7555596;-0.39936
482855301;-22.88228;-43.28944;-0.7555434;-0.3993711
482855304;-22.88264;-43.28863;-0.7555291;-0.3993773
482855483;-22.88258;-43.28839;-0.7555249;-0.3993764
482855484;-22.88152;-43.28706;-0.7555017;-0.3993579
483104866;-22.88308;-43.29153;-0.7555797;-0.399385
483104871;-22.88279;-43.29142;-0.7555778;-0.39938
483104886;-22.88272;-43.29133;-0.7555763;-0.3993789
483104893;-22.88256;-43.29103;-0.755571;-0.399376
483104910;-22.88231;-43.29063;-0.755564;-0.3993717
483104917;-22.88223;-43.29058;-0.7555633;-0.3993702
483104923;-22.88218;-43.2906;-0.7555634;-0.3993693
483104935;-22.88175;-43.29103;-0.7555709;-0.3993618
483105224;-22.88215;-43.29136;-0.7555768;-0.3993689
483105230;-22.88224;-43.29147;-0.7555788;-0.3993704
483105232;-22.88238;-43.29173;-0.7555833;-0.3993729
483119247;-22.88683;-43.30486;-0.7558123;-0.3994505
483120515;-22.88683;-43.30441;-0.7558045;-0.3994506
483121813;-22.88656;-43.30328;-0.7557847;-0.3994459
483125500;-22.88547;-43.30135;-0.7557512;-0.3994268
483125546;-22.88594;-43.30217;-0.7557655;-0.399435
483132147;-22.88334;-43.30032;-0.7557332;-0.3993895
483132152;-22.88462;-43.29982;-0.7557244;-0.399412
483132923;-22.87997;-43.30062;-0.7557384;-0.3993308
483132928;-22.88111;-43.30019;-0.7557308;-0.3993506
483132932;-22.88223;-43.29972;-0.7557226;-0.3993702
483132937;-22.883;-43.29937;-0.7557166;-0.3993837
483132942;-22.88506;-43.29859;-0.7557029;-0.3994197
483134060;-22.88261;-43.29856;-0.7557024;-0.3993769
483134105;-22.88264;-43.29564;-0.7556515;-0.3993774
483138405;-22.88084;-43.29687;-0.7556729;-0.399346
483138419;-22.8801;-43.29537;-0.7556467;-0.3993331
483138461;-22.87994;-43.29504;-0.7556409;-0.3993302
483138472;-22.87976;-43.29472;-0.7556353;-0.3993271
483138822;-22.88428;-43.29765;-0.7556865;-0.399406
483138885;-22.88221;-43.29763;-0.7556862;-0.39937
490898285;-22.90294;-43.27581;-0.7553055;-0.3997317
518225103;-22.89759;-43.2982;-0.7556961;-0.3996384
518225106;-22.89869;-43.2942;-0.7556263;-0.3996575
518225112;-22.89634;-43.2978;-0.7556891;-0.3996165
518225113;-22.89754;-43.29332;-0.7556109;-0.3996375
518225114;-22.89582;-43.29243;-0.7555954;-0.3996074
518225115;-22.89694;-43.29282;-0.7556023;-0.3996271
518225116;-22.8994;-43.29468;-0.7556347;-0.3996699
518225169;-22.90013;-43.29901;-0.7557102;-0.3996827
518225171;-22.89888;-43.29863;-0.7557036;-0.3996608
518225175;-22.89578;-43.29762;-0.755686;-0.3996068
518227352;-22.90103;-43.30079;-0.7557414;-0.3996984
518227355;-22.90141;-43.29943;-0.7557176;-0.399705
518227359;-22.90177;-43.29806;-0.7556937;-0.3997113
518227361;-22.90217;-43.29664;-0.7556689;-0.3997183
518227374;-22.90434;-43.29734;-0.7556811;-0.3997561
518227378;-22.90089;-43.29622;-0.7556617;-0.399696
518227385;-22.89964;-43.29583;-0.7556548;-0.3996741
518227388;-22.89835;-43.29545;-0.7556481;-0.3996515
518227390;-22.89704;-43.29506;-0.7556413;-0.3996287
518227393;-22.89574;-43.29467;-0.7556345;-0.3996061
518227399;-22.89577;-43.29611;-0.7556597;-0.3996066
518227401;-22.89667;-43.29643;-0.7556653;-0.3996222
518227403;-22.89797;-43.29684;-0.7556723;-0.3996449
518227405;-22.89925;-43.29726;-0.7556797;-0.3996673
518227406;-22.9005;-43.29765;-0.7556865;-0.3996892
518227409;-22.90306;-43.29847;-0.7557008;-0.3997337
518227411;-22.90444;-43.29886;-0.7557076;-0.3997578
518227484;-22.89585;-43.29918;-0.7557133;-0.399608
518227487;-22.89722;-43.29958;-0.7557203;-0.3996318
518227489;-22.8985;-43.30001;-0.7557278;-0.3996543
518227491;-22.89976;-43.30038;-0.7557343;-0.3996762
518231810;-22.89698;-43.28712;-0.7555028;-0.3996278
518231831;-22.89749;-43.28462;-0.7554591;-0.3996367
518231843;-22.89719;-43.29118;-0.7555737;-0.3996314
518231856;-22.89966;-43.29297;-0.7556049;-0.3996745
518231859;-22.89963;-43.29276;-0.7556011;-0.3996739
518231862;-22.89943;-43.29251;-0.7555969;-0.3996705
518231866;-22.89607;-43.29055;-0.7555627;-0.3996117
518231872;-22.89638;-43.28939;-0.7555423;-0.3996173
622045682;-22.88114;-43.27404;-0.7552745;-0.3993512
631032770;-22.88313;-43.27617;-0.7553115;-0.399386
631032771;-22.88241;-43.27574;-0.7553041;-0.3993734
828919698;-22.90019;-43.27542;-0.7552986;-0.3996837
828919848;-22.89902;-43.27685;-0.7553235;-0.3996634
830350161;-22.89544;-43.28305;-0.7554318;-0.3996008
830350162;-22.89742;-43.28325;-0.7554353;-0.3996353
830350168;-22.89159;-43.28269;-0.7554254;-0.3995337
830350170;-22.88924;-43.28374;-0.7554439;-0.3994925
830350171;-22.88826;-43.28111;-0.7553978;-0.3994755
830350179;-22.89196;-43.28003;-0.755379;-0.39954
830350182;-22.89195;-43.28022;-0.7553824;-0.3995399
830350185;-22.8902;-43.28022;-0.7553823;-0.3995093
830350187;-22.88953;-43.27905;-0.755362;-0.3994976
830350189;-22.88867;-43.27785;-0.7553411;-0.3994826
830350195;-22.89478;-43.27995;-0.7553775;-0.3995892
830350196;-22.89148;-43.27792;-0.7553422;-0.3995316
830350198;-22.89099;-43.27758;-0.7553363;-0.3995232
830350199;-22.88826;-43.27541;-0.7552984;-0.3994755
830350218;-22.89367;-43.28284;-0.7554281;-0.3995699
830350221;-22.8895;-43.279;-0.755361;-0.3994971
830350224;-22.89408;-43.28736;-0.7555069;-0.3995772
830352580;-22.88855;-43.28404;-0.7554491;-0.3994806
830352581;-22.88928;-43.28618;-0.7554863;-0.3994933
830362129;-22.89024;-43.29057;-0.755563;-0.39951
830362130;-22.89069;-43.28973;-0.7555484;-0.3995179
830362131;-22.89142;-43.2877;-0.7555129;-0.3995306
830362133;-22.89072;-43.28928;-0.7555405;-0.3995185
830362134;-22.89004;-43.28782;-0.7555149;-0.3995066
830362136;-22.89318;-43.2882;-0.7555217;-0.3995614
830362142;-22.89684;-43.2864;-0.7554902;-0.3996252
830362147;-22.89511;-43.2866;-0.7554936;-0.3995951
830362149;-22.89635;-43.28624;-0.7554874;-0.3996167
830362150;-22.89658;-43.28638;-0.7554899;-0.3996207
830362152;-22.89256;-43.28774;-0.7555135;-0.3995506
830362153;-22.89587;-43.29018;-0.7555561;-0.3996083
830362154;-22.88875;-43.28747;-0.7555089;-0.3994841
830362155;-22.88912;-43.28717;-0.7555037;-0.3994905
830362156;-22.88943;-43.28704;-0.7555013;-0.3994958
830362158;-22.89183;-43.28668;-0.7554951;-0.3995377
830362159;-22.89323;-43.28654;-0.7554927;-0.3995622
830362160;-22.89377;-43.28647;-0.7554914;-0.3995717
830362161;-22.89368;-43.28623;-0.7554873;-0.3995701
830362162;-22.89384;-43.28484;-0.7554631;-0.3995729
830362163;-22.89385;-43.28512;-0.7554678;-0.3995731
830362164;-22.89392;-43.28533;-0.7554715;-0.3995743
830362165;-22.89423;-43.28582;-0.7554801;-0.3995797
830362166;-22.89557;-43.28817;-0.7555212;-0.3996031
830362167;-22.89614;-43.28915;-0.7555382;-0.3996131
830362168;-22.89399;-43.2849;-0.755464;-0.3995754
830362169;-22.8944;-43.28493;-0.7554646;-0.3995827
830362170;-22.89465;-43.28926;-0.7555402;-0.399587
830362172;-22.89372;-43.28355;-0.7554405;-0.3995708
830362173;-22.89415;-43.28386;-0.7554459;-0.3995783
830362175;-22.89482;-43.28389;-0.7554464;-0.39959
830362176;-22.89548;-43.28397;-0.7554478;-0.3996015
830362177;-22.89606;-43.28403;-0.7554489;-0.3996116
830362178;-22.89659;-43.28399;-0.7554481;-0.3996209
830362181;-22.89305;-43.28402;-0.7554486;-0.3995591
830362182;-22.89312;-43.28455;-0.755458;-0.3995602
830362185;-22.89003;-43.28582;-0.7554802;-0.3995064
830362187;-22.88977;-43.28505;-0.7554666;-0.3995019
830362190;-22.88907;-43.288;-0.7555181;-0.3994896
830362191;-22.88757;-43.28551;-0.7554747;-0.3994635
830362197;-22.89678;-43.28669;-0.7554953;-0.3996241
830362199;-22.89496;-43.2871;-0.7555024;-0.3995924
830362203;-22.89173;-43.28775;-0.7555137;-0.399536
830362205;-22.89114;-43.28766;-0.7555122;-0.3995258
830362206;-22.89046;-43.2877;-0.7555129;-0.3995139
830362207;-22.88952;-43.28767;-0.7555124;-0.3994976
830362212;-22.88709;-43.28714;-0.7555031;-0.399455
830362224;-22.889;-43.28537;-0.7554722;-0.3994884
830362228;-22.89012;-43.28337;-0.7554373;-0.3995079
830362242;-22.88866;-43.28643;-0.7554908;-0.3994825
830362243;-22.89089;-43.28546;-0.7554737;-0.3995213
830362244;-22.89281;-43.28464;-0.7554595;-0.3995549
830362246;-22.89441;-43.28464;-0.7554594;-0.3995829
830362269;-22.89454;-43.28296;-0.7554301;-0.3995851
830362278;-22.88747;-43.28475;-0.7554615;-0.3994618
830362323;-22.88528;-43.28631;-0.7554887;-0.3994235
830364405;-22.89058;-43.28998;-0.7555526;-0.3995159
830364408;-22.88797;-43.28779;-0.7555144;-0.3994704
832096019;-22.89947;-43.29881;-0.7557068;-0.3996712
832096148;-22.89948;-43.29434;-0.7556288;-0.3996714
832096150;-22.89948;-43.29414;-0.7556253;-0.3996712
832096153;-22.89937;-43.29399;-0.7556226;-0.3996693
832096155;-22.89882;-43.29355;-0.755615;-0.3996598
832096158;-22.89848;-43.29327;-0.7556101;-0.3996538
832096161;-22.89849;-43.29314;-0.7556078;-0.399654
832096162;-22.8986;-43.29306;-0.7556064;-0.3996559
832096163;-22.89877;-43.29303;-0.755606;-0.399659
832096164;-22.89908;-43.29306;-0.7556065;-0.3996643
832096165;-22.89936;-43.29315;-0.755608;-0.3996692
832096167;-22.89955;-43.29311;-0.7556073;-0.3996726
875778778;-22.89095;-43.28149;-0.7554045;-0.3995224
875778780;-22.89208;-43.28331;-0.7554364;-0.3995422
875778796;-22.89316;-43.28276;-0.7554267;-0.3995611
875778798;-22.89308;-43.28345;-0.7554387;-0.3995596
875778808;-22.89178;-43.28248;-0.7554218;-0.3995368
875778812;-22.8921;-43.27829;-0.7553487;-0.3995425
875778815;-22.89218;-43.27706;-0.7553272;-0.3995439
875778818;-22.89221;-43.27676;-0.755322;-0.3995444
875779136;-22.89847;-43.27755;-0.7553358;-0.3996537
875779361;-22.90015;-43.27945;-0.7553689;-0.3996831
929715509;-22.89663;-43.28122;-0.7553997;-0.3996215
929715527;-22.89915;-43.28044;-0.7553862;-0.3996657
929715547;-22.89735;-43.27904;-0.7553618;-0.3996342
929715567;-22.89767;-43.28372;-0.7554434;-0.3996397
929715657;-22.89602;-43.2808;-0.7553926;-0.399611
1102517366;-22.89332;-43.27904;-0.7553618;-0.3995639
1102517377;-22.89223;-43.27837;-0.75535;-0.3995448
1102517408;-22.89176;-43.28279;-0.7554272;-0.3995366
1102517437;-22.89167;-43.28262;-0.7554241;-0.3995351
1102517473;-22.89444;-43.28386;-0.7554459;-0.3995834
1102517528;-22.89211;-43.27807;-0.7553448;-0.3995426
1102517564;-22.89488;-43.28001;-0.7553787;-0.399591
1407577056;-22.88886;-43.2955;-0.755649;-0.399486
1439024163;-22.90343;-43.29705;-0.7556762;-0.3997402
1679220119;-22.88276;-43.28776;-0.755514;-0.3993795
1679220120;-22.88354;-43.28933;-0.7555413;-0.3993931
1679220130;-22.88377;-43.28992;-0.7555516;-0.3993971
1679220132;-22.8843;-43.29043;-0.7555605;-0.3994064
1679220133;-22.88653;-43.29215;-0.7555906;-0.3994453
1679221536;-22.89285;-43.29947;-0.7557183;-0.3995557
1679221537;-22.89357;-43.30005;-0.7557284;-0.3995682
1718623385;-22.89605;-43.30092;-0.7557437;-0.3996114
1746255480;-22.89394;-43.29554;-0.7556498;-0.3995746
1746255481;-22.8939;-43.29564;-0.7556515;-0.399574
1746255486;-22.89401;-43.2955;-0.755649;-0.3995758
1746255487;-22.89383;-43.29545;-0.7556481;-0.3995727
1746255490;-22.89533;-43.29593;-0.7556564;-0.3995989
1746255491;-22.89521;-43.29588;-0.7556556;-0.3995968
1776325341;-22.88126;-43.27641;-0.7553158;-0.3993533
1776325343;-22.88151;-43.27745;-0.755334;-0.3993576
1776325345;-22.88168;-43.27814;-0.7553461;-0.3993606
1776325347;-22.88188;-43.27895;-0.7553601;-0.3993641
1776325351;-22.88191;-43.27908;-0.7553625;-0.3993647
1776325364;-22.88206;-43.28092;-0.7553945;-0.3993672
1776325374;-22.88238;-43.28144;-0.7554037;-0.3993729
1776325375;-22.88245;-43.28157;-0.755406;-0.399374
1776325377;-22.88238;-43.28448;-0.7554567;-0.3993729
1776325379;-22.88256;-43.28463;-0.7554593;-0.3993759
1776325382;-22.8826;-43.28254;-0.7554229;-0.3993767
1776325383;-22.88261;-43.28284;-0.7554281;-0.3993769
1776325389;-22.8827;-43.27986;-0.755376;-0.3993785
1776325394;-22.88279;-43.28434;-0.7554542;-0.3993801
1776325395;-22.88284;-43.28441;-0.7554555;-0.3993809
1776325398;-22.88288;-43.2798;-0.755375;-0.3993815
1776325408;-22.88317;-43.28593;-0.7554821;-0.3993866
1776325410;-22.88317;-43.28604;-0.7554839;-0.3993867
1776325412;-22.88323;-43.28824;-0.7555223;-0.3993877
1776325413;-22.88328;-43.2878;-0.7555146;-0.3993886
1776325418;-22.88334;-43.28699;-0.7555005;-0.3993897
1776325421;-22.88333;-43.28747;-0.7555089;-0.3993894
1776325423;-22.88334;-43.28725;-0.755505;-0.3993896
1776325427;-22.8834;-43.27996;-0.7553779;-0.3993907
1776325436;-22.88417;-43.28766;-0.7555122;-0.399404
1776325438;-22.88418;-43.28864;-0.7555293;-0.3994042
1776325440;-22.88426;-43.28783;-0.7555151;-0.3994056
1776325442;-22.88444;-43.28875;-0.7555313;-0.3994088
1776325443;-22.88457;-43.2811;-0.7553977;-0.399411
1776325444;-22.88447;-43.2859;-0.7554815;-0.3994094
1776325450;-22.88453;-43.28878;-0.7555318;-0.3994105
1776325454;-22.88471;-43.2858;-0.7554797;-0.3994136
1776325456;-22.88473;-43.28436;-0.7554547;-0.3994139
1776325458;-22.8855;-43.28617;-0.7554861;-0.3994273
1776325462;-22.88476;-43.28138;-0.7554026;-0.3994144
1776325466;-22.88483;-43.28876;-0.7555314;-0.3994156
1776325470;-22.8848;-43.28432;-0.7554539;-0.3994151
1776325472;-22.88491;-43.2816;-0.7554064;-0.399417
1776325476;-22.88505;-43.28412;-0.7554504;-0.3994194
1776325480;-22.88509;-43.28191;-0.7554119;-0.3994201
1776325484;-22.88522;-43.28251;-0.7554224;-0.3994225
1776325490;-22.8854;-43.28848;-0.7555264;-0.3994255
1776325492;-22.88551;-43.28843;-0.7555256;-0.3994275
1776325494;-22.88559;-43.28615;-0.7554858;-0.3994289
1776325495;-22.88571;-43.28842;-0.7555254;-0.3994309
1776325498;-22.88593;-43.28849;-0.7555267;-0.3994348
1776325502;-22.88611;-43.28796;-0.7555174;-0.399438
1776325505;-22.88618;-43.28863;-0.7555292;-0.3994392
1776325507;-22.88633;-43.28841;-0.7555252;-0.3994419
1776325509;-22.88653;-43.28811;-0.75552;-0.3994453
1776325511;-22.88671;-43.28027;-0.7553833;-0.3994485
1776360200;-22.87776;-43.27551;-0.7553001;-0.3992923
1776360202;-22.87817;-43.27532;-0.7552968;-0.3992994
1776360204;-22.87838;-43.27529;-0.7552963;-0.399303
1776360207;-22.87885;-43.27533;-0.7552971;-0.3993112
1776360213;-22.87923;-43.27544;-0.7552989;-0.3993179
1776360217;-22.87943;-43.27552;-0.7553003;-0.3993214
1776360221;-22.87997;-43.27583;-0.7553058;-0.3993308
1776360222;-22.88011;-43.27598;-0.7553083;-0.3993332
1776360226;-22.88031;-43.27642;-0.755316;-0.3993368
1776360227;-22.88043;-43.27679;-0.7553225;-0.3993389
1776360228;-22.8807;-43.27787;-0.7553414;-0.3993435
1776360229;-22.88097;-43.2789;-0.7553594;-0.3993482
1776360233;-22.88145;-43.28107;-0.7553972;-0.3993567
1776360234;-22.88148;-43.28126;-0.7554005;-0.3993571
1776360235;-22.88153;-43.28151;-0.7554048;-0.399358
1776360236;-22.88181;-43.28247;-0.7554216;-0.3993628
1776360237;-22.88184;-43.28253;-0.7554227;-0.3993634
1776360238;-22.88197;-43.28272;-0.755426;-0.3993657
1776360239;-22.88203;-43.28286;-0.7554284;-0.3993668
1782091540;-22.89676;-43.29272;-0.7556005;-0.3996238
1786303744;-22.89592;-43.29246;-0.755596;-0.3996092
1795168143;-22.89538;-43.29681;-0.7556719;-0.3995997
1795168144;-22.89578;-43.29682;-0.755672;-0.3996067
1809586726;-22.89859;-43.28159;-0.7554062;-0.3996558
1909481806;-22.88925;-43.29554;-0.7556498;-0.3994927
1909481809;-22.88504;-43.29829;-0.7556978;-0.3994194
1909481817;-22.88929;-43.29536;-0.7556466;-0.3994935
1909481820;-22.8893;-43.29571;-0.7556527;-0.3994936
1909481821;-22.88926;-43.29563;-0.7556513;-0.399493
1909481822;-22.88939;-43.29489;-0.7556384;-0.3994951
1909481828;-22.88982;-43.29642;-0.7556651;-0.3995027
1909481836;-22.88925;-43.29545;-0.7556481;-0.3994928
1917684146;-22.89729;-43.28592;-0.7554818;-0.3996332
1917684148;-22.89674;-43.28687;-0.7554983;-0.3996235
1917684149;-22.89647;-43.28624;-0.7554874;-0.3996187
1917684151;-22.8966;-43.28652;-0.7554923;-0.399621
1917684158;-22.89734;-43.28569;-0.7554777;-0.3996339
1917684165;-22.89655;-43.2863;-0.7554885;-0.3996201
1917684171;-22.89662;-43.28673;-0.755496;-0.3996214
1917684176;-22.89666;-43.28672;-0.7554958;-0.399622
1917738612;-22.8953;-43.3012;-0.7557485;-0.3995984
1962638961;-22.88098;-43.27291;-0.7552549;-0.3993484
1993554728;-22.90168;-43.27788;-0.7553415;-0.3997097
1998911264;-22.87751;-43.27568;-0.7553031;-0.3992879
1998921899;-22.8798;-43.27571;-0.7553036;-0.3993278
1998921907;-22.87798;-43.27538;-0.7552978;-0.3992961
1999088957;-22.89239;-43.2986;-0.755703;-0.3995476
1999088962;-22.8822;-43.28352;-0.75544;-0.3993697
1999088966;-22.88258;-43.28692;-0.7554993;-0.3993763
1999088969;-22.88244;-43.28495;-0.755465;-0.3993739
1999088971;-22.8824;-43.2845;-0.7554571;-0.3993733
1999088986;-22.8919;-43.29847;-0.7557008;-0.3995389
1999089002;-22.88261;-43.28586;-0.7554808;-0.3993768
1999089010;-22.88249;-43.28486;-0.7554634;-0.3993747
1999089014;-22.88254;-43.28539;-0.7554726;-0.3993756
1999089016;-22.89156;-43.29818;-0.7556958;-0.3995331
1999089020;-22.88244;-43.28479;-0.7554622;-0.3993739
1999089024;-22.88264;-43.2865;-0.755492;-0.3993773
1999089029;-22.8921;-43.2986;-0.755703;-0.3995425
1999089031;-22.88236;-43.28443;-0.7554559;-0.3993725
1999089037;-22.89417;-43.30027;-0.7557324;-0.3995787
2047890774;-22.88462;-43.2814;-0.7554029;-0.399412
2047890775;-22.88645;-43.28803;-0.7555187;-0.399444
2047890780;-22.88514;-43.28391;-0.7554468;-0.399421
2047890784;-22.88247;-43.28002;-0.7553788;-0.3993745
2047890789;-22.88465;-43.2857;-0.755478;-0.3994124
2047890792;-22.88449;-43.28128;-0.7554008;-0.3994098
2047890794;-22.88306;-43.28575;-0.7554789;-0.3993847
2047890797;-22.88458;-43.28455;-0.755458;-0.3994113
2047890802;-22.88468;-43.28663;-0.7554942;-0.3994131
2047890805;-22.88463;-43.28591;-0.7554817;-0.3994122
2047890807;-22.88301;-43.2798;-0.7553751;-0.399384
2047890810;-22.8873;-43.28499;-0.7554656;-0.3994587
2047890814;-22.8852;-43.2822;-0.755417;-0.3994221
2047890827;-22.88297;-43.28533;-0.7554715;-0.3993832
2047890830;-22.88762;-43.28434;-0.7554542;-0.3994643
2047890835;-22.88316;-43.27986;-0.7553761;-0.3993864
2047890841;-22.88741;-43.28489;-0.7554639;-0.3994607
2047890848;-22.88742;-43.285;-0.7554657;-0.3994609
2047890851;-22.88651;-43.2804;-0.7553855;-0.399445
2047890860;-22.8851;-43.28403;-0.7554488;-0.3994204
2047890867;-22.88461;-43.28564;-0.7554769;-0.3994117
2047890870;-22.88417;-43.28079;-0.7553923;-0.3994041
2047890873;-22.88336;-43.28001;-0.7553787;-0.39939
2047890877;-22.88455;-43.28136;-0.7554023;-0.3994107
2047890878;-22.88218;-43.28017;-0.7553815;-0.3993693
2047890880;-22.88487;-43.27784;-0.7553408;-0.3994163
2047890882;-22.88591;-43.27908;-0.7553625;-0.3994344
2047890886;-22.88534;-43.2784;-0.7553506;-0.3994245
2047890889;-22.88458;-43.28526;-0.7554703;-0.3994112
2047890896;-22.8831;-43.2859;-0.7554815;-0.3993854
2047890901;-22.88457;-43.28461;-0.755459;-0.399411
2047890904;-22.88466;-43.28463;-0.7554594;-0.3994127
2047890912;-22.88469;-43.2814;-0.755403;-0.3994132
2047890914;-22.88464;-43.28491;-0.7554641;-0.3994123
2047890917;-22.88475;-43.27769;-0.7553381;-0.3994142
2047890922;-22.88472;-43.28549;-0.7554743;-0.3994137
2047890926;-22.88682;-43.28017;-0.7553814;-0.3994503
2047890958;-22.88456;-43.28122;-0.7553998;-0.3994109
2047890964;-22.88457;-43.28511;-0.7554677;-0.3994111
2047890968;-22.88294;-43.27957;-0.755371;-0.3993827
2047890980;-22.88758;-43.28544;-0.7554735;-0.3994636
2047890983;-22.88457;-43.28481;-0.7554623;-0.3994111
2047890988;-22.88282;-43.28469;-0.7554603;-0.3993805
2047890991;-22.88459;-43.28543;-0.7554734;-0.3994114
2047890996;-22.88675;-43.288;-0.7555181;-0.3994492
2047891004;-22.88475;-43.28149;-0.7554045;-0.3994142
2047891010;-22.8869;-43.28031;-0.7553838;-0.3994517
2047891018;-22.8843;-43.2808;-0.7553926;-0.3994063
2047891021;-22.88426;-43.28088;-0.7553939;-0.3994057
2047891030;-22.88499;-43.278;-0.7553435;-0.3994184
2047891048;-22.88457;-43.28582;-0.7554802;-0.399411
2047891054;-22.88761;-43.28281;-0.7554275;-0.3994642
2047891058;-22.88667;-43.28807;-0.7555194;-0.3994478
2047891069;-22.88464;-43.28446;-0.7554563;-0.3994123
2047891073;-22.88522;-43.28234;-0.7554193;-0.3994224
2047951476;-22.88297;-43.29219;-0.7555913;-0.3993832
2047951481;-22.88256;-43.29168;-0.7555823;-0.3993759
2047951491;-22.88235;-43.29068;-0.7555649;-0.3993724
2047951510;-22.88334;-43.29167;-0.7555822;-0.3993897
2047951561;-22.88262;-43.2916;-0.755581;-0.399377
2047951565;-22.88255;-43.29222;-0.7555918;-0.3993758
2047951570;-22.88324;-43.29159;-0.7555808;-0.3993879
2047951600;-22.88277;-43.29211;-0.7555898;-0.3993796
2047951612;-22.88227;-43.2906;-0.7555634;-0.3993709
2047951638;-22.88259;-43.2923;-0.7555931;-0.3993765
2047951645;-22.88261;-43.29208;-0.7555892;-0.399377
2047951661;-22.8838;-43.29137;-0.755577;-0.3993977
2047951666;-22.88284;-43.29145;-0.7555783;-0.399381
2047960442;-22.88181;-43.28613;-0.7554855;-0.3993629
2047960443;-22.88296;-43.28659;-0.7554935;-0.399383
2047960444;-22.88241;-43.28699;-0.7555006;-0.3993734
2047960445;-22.8823;-43.28694;-0.7554997;-0.3993714
2047960446;-22.88222;-43.2861;-0.755485;-0.39937
2047960447;-22.88214;-43.28606;-0.7554842;-0.3993688
2047960449;-22.88168;-43.28672;-0.7554958;-0.3993607
2047960451;-22.88256;-43.28704;-0.7555014;-0.3993759
2047960454;-22.88175;-43.28669;-0.7554952;-0.3993618
2047960457;-22.88187;-43.28609;-0.7554848;-0.399364
2047960458;-22.88171;-43.28625;-0.7554876;-0.3993613
2047960460;-22.88282;-43.28696;-0.7554999;-0.3993805
2047960462;-22.8825;-43.28672;-0.7554958;-0.3993749
2047961618;-22.88226;-43.28153;-0.7554052;-0.3993708
2047961619;-22.88255;-43.28253;-0.7554227;-0.3993758
2047961621;-22.88222;-43.2817;-0.7554082;-0.3993701
2047961623;-22.88234;-43.2815;-0.7554047;-0.3993721
2047961624;-22.88237;-43.28152;-0.7554049;-0.3993727
2047961628;-22.8825;-43.28251;-0.7554222;-0.399375
2047961629;-22.88256;-43.28206;-0.7554145;-0.3993759
2047961630;-22.88246;-43.28247;-0.7554216;-0.3993743
2047961632;-22.88224;-43.28157;-0.7554059;-0.3993704
2047961634;-22.88229;-43.28151;-0.7554048;-0.3993714
2047961635;-22.88238;-43.28231;-0.7554188;-0.3993728
2047970045;-22.88153;-43.29364;-0.7556165;-0.3993581
2047970047;-22.88149;-43.29403;-0.7556233;-0.3993573
2047970051;-22.88156;-43.29354;-0.7556148;-0.3993585
2047970061;-22.88141;-43.29376;-0.7556187;-0.399356
2047970064;-22.88165;-43.29408;-0.7556243;-0.3993602
2047970066;-22.88168;-43.29341;-0.7556125;-0.3993606
2047977647;-22.88244;-43.2891;-0.7555373;-0.3993739
2047977663;-22.88207;-43.28981;-0.7555497;-0.3993675
2047977674;-22.8818;-43.2902;-0.7555566;-0.3993627
2163910016;-22.90355;-43.2971;-0.7556769;-0.3997424
2163910052;-22.90286;-43.29841;-0.7556998;-0.3997303
2163910079;-22.90292;-43.29843;-0.7557001;-0.3997314
2163910082;-22.90351;-43.29708;-0.7556767;-0.3997416
2190585206;-22.89552;-43.29116;-0.7555733;-0.3996023
2190585207;-22.89131;-43.29258;-0.755598;-0.3995287
2190585208;-22.89184;-43.29026;-0.7555577;-0.399538
2190585210;-22.89294;-43.28917;-0.7555385;-0.3995573
2190585212;-22.89256;-43.28887;-0.7555333;-0.3995505
2190585213;-22.8922;-43.2893;-0.7555408;-0.3995443
2190585214;-22.89215;-43.28851;-0.755527;-0.3995433
2190585215;-22.89244;-43.28877;-0.7555315;-0.3995484
2190585216;-22.89038;-43.28849;-0.7555267;-0.3995126
2195281190;-22.88616;-43.29623;-0.7556618;-0.3994389
2195281201;-22.88689;-43.29467;-0.7556345;-0.3994517
2195281203;-22.89052;-43.29741;-0.7556823;-0.3995149
2195281206;-22.8861;-43.29632;-0.7556634;-0.3994378
2195281208;-22.88634;-43.29655;-0.7556673;-0.3994419
2195281210;-22.88616;-43.29621;-0.7556614;-0.3994389
2195281216;-22.88606;-43.29597;-0.7556573;-0.3994372
2195281218;-22.88614;-43.29629;-0.7556629;-0.3994385
2195281220;-22.88717;-43.29519;-0.7556437;-0.3994564
2195281223;-22.88581;-43.29439;-0.7556296;-0.3994327
2195281225;-22.88546;-43.29457;-0.7556329;-0.3994267
2195281229;-22.89051;-43.29735;-0.7556813;-0.3995148
2195281231;-22.88994;-43.30093;-0.7557437;-0.3995049
2195281234;-22.88558;-43.29567;-0.7556519;-0.3994288
2195281236;-22.89045;-43.29757;-0.7556851;-0.3995137
2195281239;-22.88993;-43.30087;-0.7557428;-0.3995045
2195285746;-22.88473;-43.29717;-0.7556782;-0.3994139
2195286898;-22.88509;-43.29698;-0.7556748;-0.3994202
2195288697;-22.88529;-43.29942;-0.7557173;-0.3994237
2195288698;-22.88512;-43.29841;-0.7556999;-0.3994206
2195290748;-22.88538;-43.29945;-0.7557179;-0.3994252
2195290749;-22.88717;-43.30004;-0.7557283;-0.3994564
2195290750;-22.88696;-43.29953;-0.7557194;-0.3994527
2195295287;-22.87928;-43.3009;-0.7557433;-0.3993188
2195295288;-22.88488;-43.29836;-0.7556989;-0.3994165
2195295290;-22.88487;-43.29864;-0.7557038;-0.3994163
2195295291;-22.88495;-43.29858;-0.7557028;-0.3994177
2195295293;-22.88509;-43.29867;-0.7557043;-0.3994202
2195299896;-22.88306;-43.29641;-0.7556649;-0.3993847
2195299897;-22.88487;-43.29817;-0.7556956;-0.3994163
2195303063;-22.88165;-43.2964;-0.7556647;-0.3993602
2195303064;-22.8826;-43.29577;-0.7556538;-0.3993767
2195303065;-22.88172;-43.29657;-0.7556677;-0.3993614
2195303066;-22.8818;-43.29631;-0.7556632;-0.3993628
2195307212;-22.88343;-43.29689;-0.7556733;-0.3993913
2195307213;-22.88336;-43.29699;-0.755675;-0.39939
2195307215;-22.8834;-43.29696;-0.7556745;-0.3993907
2195307216;-22.88279;-43.29612;-0.7556598;-0.3993801
2195307217;-22.88345;-43.29675;-0.7556708;-0.3993916
2195317914;-22.88541;-43.30116;-0.7557477;-0.3994258
2195317915;-22.88543;-43.30083;-0.7557421;-0.3994262
2195317917;-22.88555;-43.30131;-0.7557505;-0.3994282
2331315592;-22.88731;-43.2925;-0.7555967;-0.3994589
2331316607;-22.88829;-43.29047;-0.7555613;-0.399476
2331316610;-22.88827;-43.29081;-0.7555673;-0.3994756
2331316611;-22.88637;-43.28901;-0.7555357;-0.3994425
2331316612;-22.8883;-43.2907;-0.7555653;-0.3994762
2331316614;-22.8861;-43.289;-0.7555355;-0.3994379
2331316615;-22.88831;-43.29059;-0.7555634;-0.3994764
2331316616;-22.88737;-43.29244;-0.7555957;-0.39946
2331316617;-22.8881;-43.2902;-0.7555565;-0.3994727
2331317122;-22.88851;-43.29084;-0.7555676;-0.3994799
2331317124;-22.88853;-43.29072;-0.7555656;-0.3994803
2331317125;-22.88755;-43.29264;-0.7555992;-0.3994632
2331317127;-22.88755;-43.29272;-0.7556005;-0.3994631
2331317128;-22.88902;-43.2938;-0.7556193;-0.3994888
2331317129;-22.88848;-43.29038;-0.7555596;-0.3994794
2331317130;-22.8883;-43.29008;-0.7555545;-0.3994762
2331317132;-22.88854;-43.2906;-0.7555634;-0.3994803
2331317133;-22.88845;-43.291;-0.7555705;-0.3994788
2331317136;-22.88827;-43.28994;-0.755552;-0.3994757
2331317138;-22.88831;-43.28986;-0.7555506;-0.3994763
2331317140;-22.88852;-43.29049;-0.7555616;-0.39948
2331317141;-22.88764;-43.29287;-0.7556031;-0.3994646
2331317142;-22.88758;-43.29281;-0.7556021;-0.3994636
2331317143;-22.88827;-43.29002;-0.7555533;-0.3994757
2331317144;-22.8893;-43.29389;-0.755621;-0.3994936
2331317145;-22.88758;-43.29258;-0.755598;-0.3994636
2361276140;-22.90233;-43.27713;-0.7553284;-0.399721
2361276144;-22.90076;-43.2788;-0.7553576;-0.3996937
2361276146;-22.90108;-43.27849;-0.7553522;-0.3996992
2361276148;-22.90088;-43.27869;-0.7553556;-0.3996957
2361279853;-22.89695;-43.28573;-0.7554786;-0.3996271
2361284168;-22.89575;-43.29461;-0.7556334;-0.3996062
2361284169;-22.8952;-43.29496;-0.7556396;-0.3995966
2362834712;-22.88193;-43.27918;-0.7553642;-0.3993651
2362834725;-22.88102;-43.27911;-0.755363;-0.3993492
2362844283;-22.88295;-43.28524;-0.75547;-0.3993828
2362845086;-22.88305;-43.28899;-0.7555355;-0.3993845
2362845087;-22.88259;-43.28876;-0.7555314;-0.3993765
2401340404;-22.88342;-43.2808;-0.7553924;-0.3993909
2401340407;-22.88265;-43.28273;-0.7554261;-0.3993776
2401340410;-22.88331;-43.28044;-0.7553861;-0.3993891
2401340412;-22.88261;-43.28228;-0.7554182;-0.3993769
2401340413;-22.88345;-43.28103;-0.7553964;-0.3993915
2401340415;-22.88259;-43.28222;-0.7554172;-0.3993765
2401340417;-22.88338;-43.28067;-0.7553902;-0.3993904
2401340419;-22.88332;-43.28013;-0.7553807;-0.3993893
2401340421;-22.88285;-43.28242;-0.7554207;-0.3993811
2401340423;-22.88267;-43.28268;-0.7554252;-0.3993779
2401340425;-22.88332;-43.28036;-0.7553847;-0.3993892
2401340426;-22.88341;-43.28041;-0.7553856;-0.3993909
2401340428;-22.88344;-43.28091;-0.7553944;-0.3993914
2401340430;-22.88331;-43.28019;-0.7553819;-0.3993892
2401340432;-22.88297;-43.28247;-0.7554216;-0.3993832
2401340434;-22.88332;-43.28026;-0.7553831;-0.3993892
2401340436;-22.88265;-43.28233;-0.7554193;-0.3993776
2401340438;-22.88296;-43.28239;-0.7554202;-0.399383
2401340440;-22.88273;-43.28261;-0.7554241;-0.3993789
2401340442;-22.88276;-43.28254;-0.7554228;-0.3993795
2401340444;-22.88337;-43.28051;-0.7553874;-0.3993901
2401340446;-22.88335;-43.28082;-0.7553928;-0.3993898
2401340449;-22.88331;-43.28063;-0.7553895;-0.3993891
2401340451;-22.88344;-43.28038;-0.7553852;-0.3993913
2401340453;-22.88338;-43.28046;-0.7553866;-0.3993903
2401340455;-22.88278;-43.28241;-0.7554206;-0.3993799
2401340456;-22.88373;-43.28229;-0.7554185;-0.3993964
2401340458;-22.88244;-43.28452;-0.7554575;-0.3993739
2401340460;-22.88271;-43.28238;-0.75542;-0.3993786
2401340462;-22.88371;-43.28221;-0.7554171;-0.3993961
2401340464;-22.88338;-43.28093;-0.7553947;-0.3993904
2401340466;-22.88331;-43.28053;-0.7553877;-0.399389
2401340468;-22.88337;-43.28059;-0.7553888;-0.3993901
2401340470;-22.88362;-43.28027;-0.7553831;-0.3993946
2401340472;-22.88268;-43.28255;-0.7554229;-0.399378
2401340495;-22.88353;-43.2803;-0.7553837;-0.399393
2401340498;-22.88349;-43.28033;-0.7553842;-0.3993923
2506981528;-22.88102;-43.27167;-0.7552331;-0.3993492
2506981538;-22.88747;-43.28283;-0.7554278;-0.3994617
2506981543;-22.8867;-43.27999;-0.7553783;-0.3994482
2506981546;-22.8866;-43.28011;-0.7553805;-0.3994466
2506981554;-22.88541;-43.27849;-0.7553522;-0.3994258
2541651682;-22.88886;-43.28805;-0.755519;-0.399486
2625680705;-22.88864;-43.29607;-0.755659;-0.3994822
2625680706;-22.88869;-43.29588;-0.7556556;-0.399483
2625680707;-22.88893;-43.29573;-0.755653;-0.3994871
2625680708;-22.88894;-43.2956;-0.7556508;-0.3994873
2625680710;-22.88802;-43.29616;-0.7556606;-0.3994713
2625680711;-22.88791;-43.29631;-0.7556632;-0.3994695
2646078769;-22.88344;-43.28229;-0.7554185;-0.3993914
2646078771;-22.88346;-43.28237;-0.7554199;-0.3993917
2646078772;-22.88395;-43.28445;-0.7554563;-0.3994002
2646078773;-22.88308;-43.28236;-0.7554196;-0.3993851
2646078774;-22.8831;-43.28244;-0.7554211;-0.3993854
2646078775;-22.88357;-43.28455;-0.755458;-0.3993937
2646078776;-22.88313;-43.2826;-0.755424;-0.3993859
2646078778;-22.88278;-43.28271;-0.7554258;-0.3993798
2646078780;-22.88274;-43.28279;-0.7554271;-0.3993792
2646078782;-22.88316;-43.28467;-0.75546;-0.3993865
2646078784;-22.88426;-43.28431;-0.7554536;-0.3994057
2646078786;-22.88427;-43.28248;-0.7554218;-0.3994059
2646078788;-22.88381;-43.28261;-0.755424;-0.3993978
2646078789;-22.8829;-43.2835;-0.7554395;-0.399382
2646078791;-22.88331;-43.28339;-0.7554377;-0.399389
2646078793;-22.88367;-43.28329;-0.7554359;-0.3993955
2663175577;-22.88723;-43.28505;-0.7554666;-0.3994575
2663175578;-22.88715;-43.28501;-0.755466;-0.3994561
2663175579;-22.88709;-43.28489;-0.7554639;-0.3994552
2663175580;-22.88704;-43.28492;-0.7554644;-0.3994542
2663175581;-22.88709;-43.28505;-0.7554666;-0.399455
2663175583;-22.88708;-43.28515;-0.7554684;-0.3994549
2663175588;-22.88984;-43.29109;-0.755572;-0.399503
2663175590;-22.88935;-43.29124;-0.7555747;-0.3994944
2663175592;-22.88958;-43.29137;-0.755577;-0.3994986
2663175594;-22.88966;-43.29135;-0.7555766;-0.3995
2663175595;-22.88907;-43.29042;-0.7555603;-0.3994897
2663175597;-22.88945;-43.28989;-0.7555512;-0.3994963
2663175599;-22.88734;-43.28899;-0.7555354;-0.3994595
2663175601;-22.88805;-43.28954;-0.7555449;-0.3994719
2663175603;-22.88811;-43.28957;-0.7555454;-0.3994729
2663175605;-22.88818;-43.28957;-0.7555455;-0.3994741
2663175607;-22.88858;-43.28958;-0.7555457;-0.3994811
2663175608;-22.88863;-43.28921;-0.7555392;-0.3994819
2663175610;-22.8886;-43.28929;-0.7555406;-0.3994814
2663175612;-22.88871;-43.2895;-0.7555442;-0.3994833
2663175614;-22.88885;-43.28938;-0.7555422;-0.3994857
2663175618;-22.88755;-43.28291;-0.7554293;-0.3994632
2663175620;-22.88748;-43.28303;-0.7554314;-0.3994619
2663215651;-22.88432;-43.28442;-0.7554556;-0.3994067
2663215652;-22.88432;-43.28435;-0.7554544;-0.3994068
2663215653;-22.88443;-43.28453;-0.7554576;-0.3994086
2663215654;-22.88449;-43.28476;-0.7554616;-0.3994098
2663215655;-22.88449;-43.28453;-0.7554575;-0.3994097
2663215656;-22.8846;-43.28453;-0.7554576;-0.3994116
2663215657;-22.88455;-43.28589;-0.7554813;-0.3994107
2663215660;-22.88471;-43.28569;-0.7554777;-0.3994135
2663215662;-22.88572;-43.28085;-0.7553933;-0.3994311
2663215663;-22.88582;-43.28079;-0.7553923;-0.399433
2663215665;-22.88595;-43.28108;-0.7553974;-0.3994352
2663215666;-22.88596;-43.28144;-0.7554036;-0.3994353
2663215667;-22.88592;-43.28122;-0.7553998;-0.3994347
2663215668;-22.88728;-43.28345;-0.7554387;-0.3994583
2663215669;-22.88735;-43.28337;-0.7554373;-0.3994597
2663215670;-22.88736;-43.28341;-0.7554379;-0.3994598
2663215671;-22.88737;-43.28228;-0.7554184;-0.39946
2663215672;-22.88738;-43.28328;-0.7554358;-0.3994602
2663215673;-22.88741;-43.28342;-0.7554383;-0.3994607
2663215674;-22.88743;-43.28334;-0.7554369;-0.3994611
2665728484;-22.88826;-43.28568;-0.7554776;-0.3994756
2665728485;-22.88911;-43.28569;-0.7554777;-0.3994903
2665728486;-22.88838;-43.28601;-0.7554834;-0.3994777
2665728487;-22.88887;-43.285;-0.7554657;-0.3994862
2665728488;-22.88966;-43.28466;-0.7554599;-0.3994999
2666897348;-22.88392;-43.29127;-0.7555752;-0.3993998
2666897353;-22.88384;-43.29119;-0.7555739;-0.3993984
2666897356;-22.88354;-43.29061;-0.7555636;-0.3993931
2666897366;-22.88273;-43.29106;-0.7555715;-0.399379
2666897368;-22.8829;-43.29139;-0.7555772;-0.399382
2666897371;-22.88323;-43.29151;-0.7555794;-0.3993878
2666897374;-22.88354;-43.29134;-0.7555765;-0.3993931
2666897377;-22.88372;-43.29119;-0.7555739;-0.3993963
2666897380;-22.8838;-43.29123;-0.7555745;-0.3993977
2668366452;-22.89086;-43.28929;-0.7555406;-0.3995209
2668366455;-22.89004;-43.28769;-0.7555127;-0.3995066
2668366458;-22.89078;-43.2895;-0.7555443;-0.3995194
2668366460;-22.89254;-43.28757;-0.7555106;-0.3995502
2668399040;-22.89284;-43.28795;-0.7555172;-0.3995554
2668399041;-22.89279;-43.28802;-0.7555184;-0.3995545
2668399042;-22.8923;-43.28805;-0.755519;-0.399546
2668399043;-22.8919;-43.28807;-0.7555193;-0.3995391
2668399044;-22.89218;-43.28806;-0.7555191;-0.3995439
2668399045;-22.89201;-43.28826;-0.7555226;-0.3995409
2668399046;-22.89212;-43.28818;-0.7555213;-0.3995428
2668399047;-22.89277;-43.28811;-0.75552;-0.3995543
2668399055;-22.89311;-43.28825;-0.7555225;-0.3995602
2668399056;-22.89316;-43.28819;-0.7555214;-0.399561
2668433080;-22.89531;-43.29211;-0.75559;-0.3995986
2668433081;-22.89508;-43.29208;-0.7555894;-0.3995945
2668433082;-22.89495;-43.29218;-0.755591;-0.3995922
2668433084;-22.89488;-43.29218;-0.7555912;-0.3995911
2668433105;-22.89113;-43.29251;-0.7555969;-0.3995256
2668433106;-22.89159;-43.29289;-0.7556035;-0.3995336
2668433107;-22.89161;-43.29334;-0.7556114;-0.399534
2668433108;-22.89209;-43.29356;-0.7556152;-0.3995424
2668433115;-22.89174;-43.29311;-0.7556072;-0.3995363
2668433116;-22.89197;-43.29325;-0.7556098;-0.3995403
2669557814;-22.88483;-43.2816;-0.7554064;-0.3994156
2669557815;-22.88482;-43.28148;-0.7554043;-0.3994156
2669557816;-22.8842;-43.28082;-0.7553928;-0.3994047
2669557817;-22.88426;-43.28077;-0.7553918;-0.3994057
2669557820;-22.88466;-43.28548;-0.7554741;-0.3994127
2669557821;-22.88464;-43.28545;-0.7554736;-0.3994122
2669557822;-22.88462;-43.28541;-0.7554729;-0.399412
2669557824;-22.88465;-43.28507;-0.7554669;-0.3994125
2807708957;-22.8771;-43.27666;-0.7553201;-0.3992808
2807708961;-22.87687;-43.27644;-0.7553163;-0.3992767
2928145227;-22.8856;-43.27895;-0.7553601;-0.3994291
2998855962;-22.88602;-43.28149;-0.7554046;-0.3994364
3005075418;-22.88585;-43.28149;-0.7554046;-0.3994335
3005075419;-22.88588;-43.28156;-0.7554058;-0.399434
3007216081;-22.88338;-43.29171;-0.7555829;-0.3993903
3007216082;-22.88204;-43.2907;-0.7555653;-0.3993669
3015059972;-22.88877;-43.28244;-0.755421;-0.3994844
3015059973;-22.89133;-43.28676;-0.7554964;-0.3995291
3211749246;-22.89014;-43.29679;-0.7556716;-0.3995082
3211749247;-22.89235;-43.29865;-0.755704;-0.3995469
3211749248;-22.8957;-43.30063;-0.7557386;-0.3996054
3211749249;-22.89816;-43.30229;-0.7557675;-0.3996483
3211749253;-22.89265;-43.29931;-0.7557155;-0.3995522
3211749254;-22.8896;-43.29487;-0.7556381;-0.399499
3211749255;-22.89037;-43.2944;-0.7556298;-0.3995123
3211749256;-22.89028;-43.29422;-0.7556267;-0.3995108
3211749258;-22.88942;-43.29483;-0.7556373;-0.3994957
3211749259;-22.8894;-43.29497;-0.7556397;-0.3994953
3211749260;-22.88945;-43.29503;-0.7556409;-0.3994962
3211750761;-22.88951;-43.29504;-0.755641;-0.3994973
3211750762;-22.89027;-43.29435;-0.755629;-0.3995106
3211750763;-22.8902;-43.29453;-0.7556322;-0.3995093
3211750765;-22.88817;-43.29613;-0.7556601;-0.3994739
3211750767;-22.88885;-43.2958;-0.7556542;-0.3994859
3211750768;-22.88876;-43.29552;-0.7556494;-0.3994842
3211750769;-22.8889;-43.29553;-0.7556495;-0.3994867
3211750770;-22.88862;-43.29598;-0.7556574;-0.3994818
3211750772;-22.89068;-43.294;-0.7556228;-0.3995177
3211750773;-22.88203;-43.28448;-0.7554566;-0.3993668
3211750774;-22.88215;-43.2842;-0.7554519;-0.3993689
3211750776;-22.8785;-43.27762;-0.755337;-0.3993052
3217331750;-22.89867;-43.2773;-0.7553314;-0.3996572
3235097903;-22.88318;-43.27975;-0.7553742;-0.3993869
3342765332;-22.88522;-43.3102;-0.7559056;-0.3994224
3342765341;-22.88649;-43.30687;-0.7558475;-0.3994446
3342765353;-22.88607;-43.3024;-0.7557695;-0.3994372
3342765354;-22.88552;-43.30067;-0.7557393;-0.3994276
3342822876;-22.88407;-43.29774;-0.7556881;-0.3994024
3342822877;-22.88412;-43.29765;-0.7556865;-0.3994033
3342822886;-22.8829;-43.29602;-0.755658;-0.399382
3342822887;-22.88284;-43.296;-0.7556578;-0.3993809
3342822888;-22.88279;-43.29605;-0.7556586;-0.39938
3342822889;-22.88279;-43.29611;-0.7556597;-0.39938
3342823795;-22.88256;-43.29176;-0.7555838;-0.399376
3342823796;-22.88311;-43.29213;-0.7555901;-0.3993856
3524466451;-22.88258;-43.28451;-0.7554572;-0.3993763
3524466452;-22.88254;-43.28307;-0.755432;-0.3993756
3524466454;-22.88284;-43.28418;-0.7554515;-0.3993809
3524466455;-22.88283;-43.28411;-0.7554502;-0.3993808
3524466456;-22.8829;-43.28434;-0.7554542;-0.3993819
3524466457;-22.88292;-43.28421;-0.755452;-0.3993823
3524466458;-22.88291;-43.2841;-0.7554501;-0.3993821
3524466459;-22.88262;-43.28302;-0.7554311;-0.3993771
3524466460;-22.88249;-43.28494;-0.7554648;-0.3993749
3524466461;-22.88268;-43.28575;-0.7554789;-0.3993782
3572937188;-22.88275;-43.28598;-0.7554829;-0.3993793
3604190181;-22.89614;-43.30096;-0.7557444;-0.399613
3753580373;-22.89538;-43.30009;-0.7557291;-0.3995998
3753580374;-22.8959;-43.30019;-0.7557309;-0.3996088
3753580375;-22.8959;-43.30029;-0.7557326;-0.3996088
3772345876;-22.89379;-43.29874;-0.7557057;-0.399572
3772345877;-22.89384;-43.29874;-0.7557057;-0.3995728
3772345878;-22.89394;-43.29857;-0.7557026;-0.3995747
3772345879;-22.89394;-43.29863;-0.7557036;-0.3995747
3772345880;-22.89395;-43.29916;-0.755713;-0.3995747
3772345882;-22.89395;-43.2993;-0.7557154;-0.3995748
3772345886;-22.89395;-43.30066;-0.7557392;-0.3995748
3772345898;-22.89514;-43.30155;-0.7557546;-0.3995956
3772345900;-22.89522;-43.29874;-0.7557055;-0.399597
3772345902;-22.89527;-43.29874;-0.7557055;-0.3995978
3772345903;-22.89529;-43.30123;-0.755749;-0.3995982
3772345904;-22.89539;-43.2989;-0.7557084;-0.3995999
3772345905;-22.89539;-43.29882;-0.7557069;-0.3995999
3772345906;-22.8954;-43.30059;-0.755738;-0.3996001
3772345907;-22.89588;-43.29917;-0.7557131;-0.3996085
3772345911;-22.89593;-43.29917;-0.755713;-0.3996093
3799202339;-22.89446;-43.28913;-0.7555378;-0.3995837
3799202340;-22.89488;-43.28899;-0.7555355;-0.399591
3799202341;-22.89506;-43.28957;-0.7555455;-0.3995942
3799202342;-22.89546;-43.29137;-0.755577;-0.3996011
3799202343;-22.89547;-43.29133;-0.7555762;-0.3996013
3802279766;-22.88198;-43.29119;-0.7555738;-0.3993658
3802279767;-22.8821;-43.29064;-0.7555642;-0.3993681
3802279768;-22.88234;-43.29262;-0.7555988;-0.3993722
3802279769;-22.88255;-43.29229;-0.7555931;-0.3993759
3802279770;-22.88258;-43.29163;-0.7555816;-0.3993763
3802279771;-22.8826;-43.29154;-0.7555799;-0.3993768
3802279772;-22.88261;-43.29219;-0.7555913;-0.3993769
3802279773;-22.8827;-43.29219;-0.7555913;-0.3993785
3802279774;-22.88272;-43.29204;-0.7555886;-0.3993788
3802279777;-22.8828;-43.29237;-0.7555944;-0.3993801
3802279778;-22.88283;-43.29234;-0.755594;-0.3993807
3802279779;-22.88286;-43.29218;-0.7555911;-0.3993813
3802279781;-22.88287;-43.29202;-0.7555884;-0.3993815
3802279782;-22.88289;-43.29165;-0.7555819;-0.3993818
3802279783;-22.88292;-43.29219;-0.7555913;-0.3993824
3802279784;-22.88295;-43.28835;-0.7555242;-0.3993829
3802279787;-22.88303;-43.29218;-0.7555912;-0.3993843
3802279788;-22.88306;-43.28892;-0.7555342;-0.3993847
3802279789;-22.88306;-43.29187;-0.7555856;-0.3993847
3802279790;-22.88306;-43.28903;-0.7555361;-0.3993848
3802279791;-22.88309;-43.28872;-0.7555306;-0.3993852
3802279792;-22.8831;-43.28869;-0.7555302;-0.3993855
3802279793;-22.88318;-43.28837;-0.7555246;-0.3993869
3802279794;-22.88321;-43.28867;-0.7555298;-0.3993873
3802279795;-22.88321;-43.28811;-0.75552;-0.3993873
3802279796;-22.88322;-43.28592;-0.7554818;-0.3993875
3802279797;-22.88323;-43.28925;-0.75554;-0.3993877
3802279798;-22.88325;-43.28868;-0.7555301;-0.399388
3802279799;-22.88329;-43.28656;-0.755493;-0.3993887
3802279800;-22.88329;-43.28929;-0.7555406;-0.3993887
3802279803;-22.88335;-43.29181;-0.7555847;-0.3993898
3802279804;-22.88338;-43.29177;-0.7555839;-0.3993903
3802279805;-22.88345;-43.28937;-0.755542;-0.3993915
3802279806;-22.88346;-43.28835;-0.7555242;-0.3993917
3802279809;-22.8835;-43.28914;-0.755538;-0.3993924
3802279810;-22.8835;-43.29158;-0.7555805;-0.3993924
3802279811;-22.88352;-43.28943;-0.7555431;-0.3993928
3802279812;-22.88354;-43.28928;-0.7555404;-0.3993931
3802279813;-22.88358;-43.28954;-0.7555449;-0.3993939
3802279814;-22.88363;-43.28842;-0.7555254;-0.3993947
3802279816;-22.88377;-43.2912;-0.7555739;-0.3993971
3802279818;-22.88379;-43.28985;-0.7555504;-0.3993975
3802279819;-22.88381;-43.28849;-0.7555267;-0.3993979
3802279822;-22.88393;-43.29016;-0.7555558;-0.3994
3802279823;-22.88396;-43.29008;-0.7555544;-0.3994005
3802279827;-22.8841;-43.28861;-0.7555287;-0.3994028
3802279830;-22.88413;-43.28878;-0.7555317;-0.3994034
3802279831;-22.88416;-43.28884;-0.7555327;-0.399404
3802279834;-22.88422;-43.29247;-0.7555961;-0.3994049
3802279835;-22.88426;-43.29048;-0.7555614;-0.3994056
3802279836;-22.8843;-43.28899;-0.7555355;-0.3994065
3802279837;-22.88432;-43.28754;-0.7555101;-0.3994067
3802279838;-22.88432;-43.29089;-0.7555686;-0.3994067
3802279839;-22.88434;-43.28796;-0.7555174;-0.3994071
3802279840;-22.88435;-43.28725;-0.755505;-0.3994072
3802279841;-22.88435;-43.29106;-0.7555715;-0.3994072
3802279842;-22.88436;-43.28872;-0.7555308;-0.3994075
3802279843;-22.88437;-43.28756;-0.7555104;-0.3994076
3802279844;-22.88436;-43.29087;-0.7555681;-0.3994074
3802279846;-22.88438;-43.28889;-0.7555336;-0.3994079
3802279848;-22.88442;-43.28808;-0.7555196;-0.3994084
3802279849;-22.88441;-43.291;-0.7555705;-0.3994084
3802279850;-22.88443;-43.28757;-0.7555106;-0.3994086
3802279853;-22.88449;-43.28892;-0.7555341;-0.3994097
3802279854;-22.8845;-43.28822;-0.755522;-0.3994099
3802279856;-22.88448;-43.29073;-0.7555658;-0.3994096
3802280059;-22.88453;-43.28754;-0.75551;-0.3994103
3802280060;-22.88453;-43.29105;-0.7555713;-0.3994104
3802280062;-22.88457;-43.28591;-0.7554817;-0.3994111
3802280063;-22.88457;-43.28835;-0.7555243;-0.3994111
3802280065;-22.88458;-43.29105;-0.7555714;-0.3994114
3802280066;-22.88458;-43.28588;-0.7554812;-0.3994113
3802280067;-22.8846;-43.28893;-0.7555344;-0.3994116
3802280071;-22.88462;-43.29377;-0.7556188;-0.399412
3802280072;-22.88463;-43.29107;-0.7555718;-0.3994121
3802280074;-22.88463;-43.29079;-0.7555668;-0.3994122
3802280075;-22.88464;-43.28879;-0.755532;-0.3994122
3802280076;-22.88459;-43.29084;-0.7555677;-0.3994115
3802280077;-22.88466;-43.28812;-0.7555203;-0.3994126
3802280079;-22.88464;-43.28561;-0.7554764;-0.3994123
3802280080;-22.88467;-43.28941;-0.7555428;-0.3994129
3802280081;-22.88468;-43.28844;-0.7555259;-0.3994129
3802280082;-22.88465;-43.2909;-0.7555687;-0.3994126
3802280083;-22.8847;-43.28893;-0.7555344;-0.3994133
3802280084;-22.88468;-43.28591;-0.7554817;-0.3994129
3802280086;-22.88467;-43.29092;-0.755569;-0.3994129
3802280087;-22.88467;-43.29055;-0.7555625;-0.3994129
3802280088;-22.88473;-43.28879;-0.7555318;-0.3994139
3802280090;-22.88474;-43.29118;-0.7555736;-0.3994141
3802280097;-22.88475;-43.28585;-0.7554806;-0.3994143
3802280098;-22.8848;-43.2874;-0.7555076;-0.399415
3802280099;-22.8848;-43.29119;-0.7555737;-0.399415
3802280100;-22.8848;-43.28804;-0.7555187;-0.3994152
3802280101;-22.88481;-43.28891;-0.7555341;-0.3994152
3802280102;-22.88481;-43.28597;-0.7554827;-0.3994153
3802280103;-22.88482;-43.28688;-0.7554986;-0.3994154
3802280104;-22.88483;-43.29118;-0.7555736;-0.3994156
3802280105;-22.88483;-43.28737;-0.7555072;-0.3994157
3802280106;-22.88486;-43.29108;-0.7555719;-0.3994161
3802280107;-22.88486;-43.29116;-0.7555732;-0.3994162
3802280108;-22.88486;-43.28889;-0.7555338;-0.3994162
3802280109;-22.88487;-43.29112;-0.7555726;-0.3994163
3802280110;-22.88477;-43.28548;-0.7554741;-0.3994145
3802280111;-22.88489;-43.28703;-0.7555013;-0.3994167
3802280112;-22.88492;-43.29123;-0.7555745;-0.3994171
3802280113;-22.88498;-43.2914;-0.7555774;-0.3994183
3802280114;-22.88499;-43.28728;-0.7555056;-0.3994184
3802280115;-22.88501;-43.28791;-0.7555166;-0.3994188
3802280116;-22.88502;-43.28776;-0.755514;-0.399419
3802280117;-22.88503;-43.28609;-0.7554848;-0.399419
3802280118;-22.88506;-43.28783;-0.7555152;-0.3994197
3802280119;-22.88506;-43.28613;-0.7554854;-0.3994197
3802280120;-22.88508;-43.28606;-0.7554843;-0.39942
3802280121;-22.88513;-43.28625;-0.7554876;-0.3994209
3802280122;-22.88514;-43.28635;-0.7554893;-0.399421
3802280123;-22.88518;-43.28629;-0.7554883;-0.3994217
3802280124;-22.88522;-43.2862;-0.7554867;-0.3994224
3802280125;-22.88523;-43.28631;-0.7554887;-0.3994226
3802280126;-22.88523;-43.2915;-0.7555792;-0.3994227
3802280127;-22.88529;-43.29338;-0.755612;-0.3994237
3802280128;-22.8853;-43.28621;-0.7554868;-0.3994239
3802280129;-22.88536;-43.29143;-0.7555779;-0.3994249
3802280130;-22.88537;-43.29172;-0.755583;-0.399425
3802280131;-22.88538;-43.28758;-0.7555109;-0.3994251
3802280132;-22.88544;-43.2886;-0.7555286;-0.3994263
3802280133;-22.88546;-43.28836;-0.7555244;-0.3994266
3802280134;-22.88547;-43.28865;-0.7555294;-0.3994268
3802280135;-22.88552;-43.28858;-0.7555282;-0.3994277
3802280136;-22.88553;-43.28608;-0.7554846;-0.3994279
3802280138;-22.88561;-43.28841;-0.7555253;-0.3994292
3802280140;-22.88563;-43.28603;-0.7554838;-0.3994296
3802280142;-22.88565;-43.28856;-0.7555278;-0.3994299
3802280143;-22.88572;-43.28856;-0.7555278;-0.3994311
3802280144;-22.88572;-43.29249;-0.7555965;-0.3994312
3802280145;-22.8857;-43.28979;-0.7555494;-0.3994309
3802280146;-22.88576;-43.29198;-0.7555877;-0.3994319
3802280147;-22.88577;-43.29239;-0.7555947;-0.3994321
3802280148;-22.88579;-43.28857;-0.7555282;-0.3994324
3802280149;-22.8858;-43.28844;-0.7555258;-0.3994325
3802280151;-22.88587;-43.28861;-0.7555288;-0.3994338
3802280152;-22.8859;-43.29215;-0.7555906;-0.3994343
3802280153;-22.88597;-43.28869;-0.7555301;-0.3994356
3802280154;-22.886;-43.28915;-0.7555383;-0.399436
3802280155;-22.88602;-43.28875;-0.7555312;-0.3994364
3802280156;-22.88605;-43.28857;-0.7555281;-0.3994369
3802280157;-22.88605;-43.28882;-0.7555324;-0.3994369
3802280158;-22.88608;-43.28876;-0.7555315;-0.3994375
3802280159;-22.88614;-43.2922;-0.7555915;-0.3994384
3802280160;-22.88619;-43.2938;-0.7556194;-0.3994394
3802280161;-22.88623;-43.28897;-0.755535;-0.3994401
3802280162;-22.88622;-43.28885;-0.755533;-0.3994399
3802280163;-22.8863;-43.28898;-0.7555352;-0.3994412
3802280165;-22.88627;-43.2885;-0.7555268;-0.3994409
3802280166;-22.8863;-43.28834;-0.755524;-0.3994412
3802280167;-22.88645;-43.29232;-0.7555936;-0.3994439
3802280168;-22.88641;-43.29276;-0.7556012;-0.3994432
3802280169;-22.88648;-43.28808;-0.7555195;-0.3994444
3802280170;-22.88648;-43.29282;-0.7556023;-0.3994444
3802280171;-22.88662;-43.29338;-0.755612;-0.3994468
3802280172;-22.88663;-43.2923;-0.7555931;-0.3994471
3802280173;-22.88665;-43.2926;-0.7555984;-0.3994475
3802280174;-22.88662;-43.28792;-0.7555168;-0.3994468
3802280175;-22.88664;-43.28826;-0.7555226;-0.3994472
3802280176;-22.88674;-43.29266;-0.7555994;-0.3994489
3802280177;-22.88684;-43.29327;-0.7556101;-0.3994507
3802280178;-22.88684;-43.28719;-0.7555039;-0.3994508
3802280179;-22.88693;-43.2878;-0.7555147;-0.3994524
3802280181;-22.88695;-43.29348;-0.7556137;-0.3994527
3802280182;-22.88696;-43.29274;-0.7556009;-0.3994527
3802280183;-22.88696;-43.28946;-0.7555436;-0.3994529
3802280184;-22.88699;-43.28783;-0.7555152;-0.3994533
3802280185;-22.88691;-43.28699;-0.7555005;-0.399452
3802280186;-22.88698;-43.28714;-0.7555031;-0.3994532
3802280187;-22.88701;-43.29353;-0.7556146;-0.3994537
3802280189;-22.88703;-43.2873;-0.755506;-0.399454
3802280191;-22.88706;-43.28723;-0.7555047;-0.3994545
3802280192;-22.88711;-43.28508;-0.7554672;-0.3994554
3802280193;-22.88706;-43.28713;-0.755503;-0.3994545
3802280194;-22.88711;-43.29357;-0.7556154;-0.3994555
3802280196;-22.88717;-43.28717;-0.7555037;-0.3994565
3802280197;-22.88716;-43.28691;-0.7554991;-0.3994563
3802280199;-22.88718;-43.28505;-0.7554666;-0.3994566
3802280200;-22.88717;-43.28686;-0.7554982;-0.3994565
3802280201;-22.88724;-43.2872;-0.7555043;-0.3994577
3802280202;-22.88728;-43.28724;-0.7555048;-0.3994583
3802280204;-22.88744;-43.2926;-0.7555985;-0.3994611
3802280205;-22.88744;-43.29273;-0.7556007;-0.3994612
3802280207;-22.88736;-43.2855;-0.7554745;-0.3994597
3802280208;-22.88748;-43.28472;-0.7554609;-0.3994618
3802280209;-22.88748;-43.28464;-0.7554595;-0.3994618
3802280211;-22.88757;-43.29835;-0.7556988;-0.3994635
3802280214;-22.88765;-43.29652;-0.7556668;-0.3994649
3802280215;-22.88762;-43.28474;-0.7554612;-0.3994643
3802280216;-22.88762;-43.28471;-0.7554606;-0.3994642
3802280218;-22.88787;-43.29635;-0.7556639;-0.3994686
3802280219;-22.88792;-43.29673;-0.7556704;-0.3994696
3802280220;-22.88817;-43.29026;-0.7555577;-0.399474
3802280221;-22.88818;-43.29727;-0.7556799;-0.3994741
3802280222;-22.88824;-43.28955;-0.7555453;-0.3994751
3802280223;-22.88824;-43.29036;-0.7555593;-0.3994752
3802280225;-22.88828;-43.29022;-0.7555569;-0.3994758
3802280227;-22.88839;-43.2907;-0.7555652;-0.3994777
3802280228;-22.88839;-43.29047;-0.7555612;-0.3994777
3802280230;-22.88855;-43.2893;-0.7555408;-0.3994805
3802280231;-22.88861;-43.28942;-0.7555429;-0.3994816
3802280232;-22.88864;-43.29592;-0.7556563;-0.3994822
3802280233;-22.88881;-43.29549;-0.7556489;-0.3994851
3802280235;-22.88886;-43.2956;-0.7556509;-0.399486
3802280238;-22.88894;-43.29566;-0.7556518;-0.3994874
3802280239;-22.88897;-43.29534;-0.7556463;-0.3994879
3802280240;-22.88901;-43.29545;-0.7556481;-0.3994886
3802280244;-22.88975;-43.29641;-0.7556649;-0.3995015
3802280245;-22.89042;-43.29426;-0.7556274;-0.3995132
3802280246;-22.89053;-43.29411;-0.7556248;-0.3995152
3802280249;-22.89059;-43.29407;-0.7556241;-0.3995161
3802280250;-22.89067;-43.29826;-0.7556971;-0.3995175
3802280251;-22.89062;-43.29421;-0.7556266;-0.3995167
3802280252;-22.89063;-43.29416;-0.7556255;-0.3995169
3802280254;-22.89098;-43.29889;-0.7557081;-0.399523
3802280257;-22.89128;-43.29948;-0.7557186;-0.3995283
3802280258;-22.89171;-43.29829;-0.7556978;-0.3995357
3802280259;-22.89172;-43.29914;-0.7557126;-0.3995358
3802280260;-22.89173;-43.3004;-0.7557346;-0.399536
3802280261;-22.89185;-43.29927;-0.7557149;-0.3995382
3802280263;-22.89206;-43.29878;-0.7557063;-0.3995418
3802280264;-22.89217;-43.29861;-0.7557033;-0.3995437
3802280265;-22.89218;-43.29891;-0.7557085;-0.3995439
3802280266;-22.89229;-43.29856;-0.7557025;-0.3995458
3802280267;-22.89241;-43.29944;-0.7557178;-0.399548
3802280268;-22.89245;-43.29963;-0.7557211;-0.3995486
3802280269;-22.8925;-43.29854;-0.7557021;-0.3995495
3802280270;-22.89257;-43.29854;-0.7557021;-0.3995508
3802280271;-22.89257;-43.29913;-0.7557123;-0.3995508
3802280272;-22.8929;-43.29871;-0.7557051;-0.3995565
3802280273;-22.89296;-43.29873;-0.7557054;-0.3995574
3802280274;-22.89296;-43.30103;-0.7557456;-0.3995575
3802280275;-22.89297;-43.30101;-0.7557452;-0.3995577
3802280276;-22.89299;-43.30097;-0.7557445;-0.3995581
3802280277;-22.893;-43.30029;-0.7557327;-0.3995582
3802280278;-22.893;-43.30093;-0.7557437;-0.3995582
3802280280;-22.89305;-43.29951;-0.755719;-0.3995591
3802280285;-22.89314;-43.30025;-0.7557319;-0.3995607
3802280286;-22.89318;-43.29796;-0.755692;-0.3995614
3802280287;-22.89322;-43.29771;-0.7556877;-0.3995622
3802280288;-22.89331;-43.30014;-0.75573;-0.3995636
3802280289;-22.89337;-43.30013;-0.7557299;-0.3995646
3802280290;-22.89393;-43.30026;-0.7557321;-0.3995745
3802280291;-22.89394;-43.29771;-0.7556876;-0.3995746
3802280292;-22.89394;-43.29795;-0.7556917;-0.3995746
3802280293;-22.89422;-43.30014;-0.75573;-0.3995795
3804744100;-22.87758;-43.27565;-0.7553026;-0.399289
3804744114;-22.87857;-43.27529;-0.7552962;-0.3993064
3804744117;-22.87878;-43.27784;-0.7553408;-0.39931
3804744121;-22.87929;-43.27834;-0.7553495;-0.3993189
3804744123;-22.87946;-43.27856;-0.7553534;-0.399322
3804744124;-22.87957;-43.27833;-0.7553494;-0.3993238
3804744136;-22.88033;-43.27991;-0.755377;-0.399337
3804744141;-22.88058;-43.27993;-0.7553772;-0.3993415
3804744158;-22.88123;-43.2813;-0.7554012;-0.3993528
3804744165;-22.88149;-43.28211;-0.7554153;-0.3993574
3804744168;-22.88154;-43.28209;-0.7554149;-0.3993583
3804744169;-22.88156;-43.28213;-0.7554156;-0.3993586
3804744176;-22.88193;-43.28606;-0.7554842;-0.399365
3804744185;-22.88229;-43.28542;-0.7554731;-0.3993713
3804744186;-22.88235;-43.28406;-0.7554494;-0.3993724
3804744187;-22.88242;-43.28254;-0.7554229;-0.3993735
3804744188;-22.88243;-43.28488;-0.7554637;-0.3993738
3804744189;-22.88246;-43.28474;-0.7554612;-0.3993743
3804744190;-22.88248;-43.28453;-0.7554576;-0.3993746
3804744191;-22.88249;-43.28468;-0.7554603;-0.3993748
3804744192;-22.88249;-43.28479;-0.7554622;-0.3993748
3804744193;-22.88252;-43.28581;-0.7554799;-0.3993753
3804744194;-22.88252;-43.28471;-0.7554606;-0.3993753
3804744195;-22.88252;-43.28466;-0.7554598;-0.3993753
3804744196;-22.88253;-43.28453;-0.7554576;-0.3993754
3804744198;-22.88258;-43.2856;-0.7554762;-0.3993763
3804744199;-22.8826;-43.28263;-0.7554244;-0.3993767
3804744200;-22.88263;-43.28704;-0.7555013;-0.3993773
3804744201;-22.88264;-43.28312;-0.755433;-0.3993774
3804744205;-22.88268;-43.28746;-0.7555088;-0.3993782
3804744207;-22.88273;-43.28701;-0.7555009;-0.3993789
3804744209;-22.88282;-43.28429;-0.7554535;-0.3993805
3804744211;-22.88283;-43.28425;-0.7554526;-0.3993808
3804744212;-22.88285;-43.28609;-0.7554848;-0.3993811
3804744213;-22.88287;-43.28437;-0.7554548;-0.3993814
3804744214;-22.88292;-43.28428;-0.7554532;-0.3993822
3804744215;-22.88292;-43.2868;-0.7554973;-0.3993823
3804744219;-22.88309;-43.28835;-0.7555243;-0.3993853
3843905103;-22.88168;-43.28727;-0.7555054;-0.3993607
3888940544;-22.88451;-43.28115;-0.7553985;-0.39941
3888940545;-22.88462;-43.28472;-0.7554609;-0.399412
3888940546;-22.88474;-43.28558;-0.7554759;-0.3994142
3888940547;-22.88481;-43.2855;-0.7554744;-0.3994152
3888940548;-22.88578;-43.281;-0.7553959;-0.3994323
3888940549;-22.88589;-43.28094;-0.7553949;-0.3994341
3891524524;-22.88149;-43.2747;-0.7552859;-0.3993574
3891524526;-22.88373;-43.27654;-0.7553181;-0.3993964
3891524528;-22.88726;-43.28122;-0.7553998;-0.3994581
3942061891;-22.8974;-43.28331;-0.7554364;-0.399635
3942061892;-22.89738;-43.28325;-0.7554352;-0.3996347
4128496781;-22.89056;-43.28021;-0.7553822;-0.3995157
4162401184;-22.88099;-43.27353;-0.7552655;-0.3993486
4162401186;-22.88107;-43.27384;-0.755271;-0.39935
4162404107;-22.9006;-43.27898;-0.7553607;-0.3996908
4162404120;-22.90198;-43.27757;-0.7553361;-0.3997149
4162404128;-22.90224;-43.27729;-0.7553312;-0.3997195
4264764850;-22.89433;-43.28293;-0.7554296;-0.3995813
4264764853;-22.89458;-43.28158;-0.7554061;-0.3995859
4264965575;-22.89307;-43.28116;-0.7553988;-0.3995594
4264965593;-22.89415;-43.28171;-0.7554083;-0.3995783
4312156259;-22.89061;-43.29427;-0.7556276;-0.3995166
4312156267;-22.89186;-43.2932;-0.7556089;-0.3995383
4312156590;-22.89542;-43.29155;-0.75558;-0.3996004
4314271951;-22.88458;-43.28139;-0.7554027;-0.3994114
4314275684;-22.88473;-43.2814;-0.7554029;-0.3994139
