26057846;41.18001;-8.590476;-0.1499321;0.7187268
26057853;41.18035;-8.59204;-0.1499594;0.7187327
112613609;41.18007;-8.591228;-0.1499452;0.7187277
112613610;41.1799;-8.590665;-0.1499354;0.7187249
112613611;41.17974;-8.589876;-0.1499216;0.718722
112613612;41.17966;-8.589255;-0.1499108;0.7187207
112613613;41.1796;-8.588326;-0.1498946;0.7187195
112613614;41.17958;-8.587519;-0.1498805;0.7187192
112613616;41.17968;-8.586929;-0.1498702;0.7187209
112613618;41.17984;-8.586431;-0.1498615;0.7187238
112613620;41.17999;-8.586136;-0.1498563;0.7187265
112613621;41.18075;-8.584995;-0.1498364;0.7187396
112613622;41.18116;-8.584403;-0.1498261;0.7187468
112613623;41.18123;-8.584269;-0.1498238;0.7187481
112613625;41.18127;-8.584098;-0.1498208;0.7187487
112613626;41.18127;-8.58392;-0.1498177;0.7187487
112613628;41.18102;-8.583324;-0.1498073;0.7187445
112613629;41.18093;-8.583132;-0.1498039;0.7187428
112613631;41.18056;-8.582391;-0.149791;0.7187364
112613633;41.18038;-8.581561;-0.1497765;0.7187332
112613634;41.1804;-8.581445;-0.1497745;0.7187337
112613635;41.18069;-8.578376;-0.1497209;0.7187387
112613636;41.1809;-8.576612;-0.1496901;0.7187423
112617111;41.1809;-8.576366;-0.1496858;0.7187423
112617112;41.18086;-8.576194;-0.1496828;0.7187416
112617113;41.18079;-8.575975;-0.149679;0.7187405
112617114;41.18058;-8.57554;-0.1496714;0.7187368
112617115;41.18003;-8.574344;-0.1496505;0.7187272
112617116;41.17998;-8.574102;-0.1496463;0.7187263
112617117;41.17996;-8.573798;-0.149641;0.7187259
112617118;41.17997;-8.572558;-0.1496194;0.718726
112617119;41.17996;-8.572196;-0.149613;0.7187259
112617120;41.17991;-8.571475;-0.1496005;0.7187251
112617121;41.17973;-8.571087;-0.1495937;0.7187219
112617122;41.17963;-8.570975;-0.1495917;0.7187201
112651985;41.1798;-8.588835;-0.1499034;0.7187231
112651987;41.17986;-8.589539;-0.1499157;0.7187241
112651988;41.17992;-8.589999;-0.1499238;0.7187251
112651991;41.18074;-8.592571;-0.1499687;0.7187394
112664292;41.18102;-8.576563;-0.1496893;0.7187444
112664296;41.18055;-8.581528;-0.1497759;0.7187362
112664298;41.18055;-8.581619;-0.1497775;0.7187362
112664300;41.18059;-8.581986;-0.1497839;0.7187368
112664302;41.18066;-8.582194;-0.1497875;0.718738
112664304;41.18074;-8.58239;-0.149791;0.7187395
112664310;41.18137;-8.58366;-0.1498131;0.7187505
112664312;41.18144;-8.583872;-0.1498168;0.7187517
112664314;41.18146;-8.584073;-0.1498203;0.718752
112664315;41.1814;-8.58434;-0.149825;0.718751
112664316;41.18132;-8.584466;-0.1498272;0.7187497
112664317;41.1809;-8.585135;-0.1498389;0.7187423
112664318;41.18052;-8.585713;-0.149849;0.7187357
112664320;41.18006;-8.586376;-0.1498605;0.7187276
112664325;41.17997;-8.58658;-0.1498641;0.718726
112664327;41.17984;-8.586956;-0.1498706;0.7187238
112664333;41.17973;-8.587591;-0.1498817;0.7187219
122491912;41.17741;-8.583016;-0.1498019;0.7186815
128649722;41.1793;-8.582439;-0.1497918;0.7187144
128650147;41.17928;-8.582223;-0.1497881;0.7187139
128651490;41.1804;-8.582177;-0.1497872;0.7187335
128651492;41.18018;-8.58217;-0.1497871;0.7187297
128651493;41.18014;-8.581947;-0.1497832;0.7187291
128651494;41.18027;-8.581841;-0.1497814;0.7187314
269565777;41.17854;-8.584201;-0.1498226;0.7187012
269565778;41.17865;-8.584155;-0.1498218;0.718703
269566454;41.18229;-8.582866;-0.1497993;0.7187665
269567421;41.18385;-8.582298;-0.1497894;0.7187937
269567423;41.18442;-8.582056;-0.1497851;0.7188038
269567425;41.18542;-8.581606;-0.1497773;0.7188211
269567427;41.18639;-8.580868;-0.1497644;0.718838
269567429;41.18664;-8.580753;-0.1497624;0.7188424
269567431;41.18694;-8.580662;-0.1497608;0.7188478
269567433;41.1873;-8.580586;-0.1497595;0.718854
269567434;41.18767;-8.580553;-0.1497589;0.7188604
269567435;41.1879;-8.580557;-0.149759;0.7188645
269567436;41.18881;-8.580662;-0.1497608;0.7188804
269567437;41.18924;-8.580634;-0.1497603;0.7188879
269567438;41.19138;-8.580139;-0.1497517;0.7189252
269567439;41.19194;-8.579926;-0.149748;0.718935
269567440;41.19254;-8.579633;-0.1497428;0.7189454
269567441;41.19324;-8.579176;-0.1497349;0.7189578
269567443;41.19385;-8.578412;-0.1497215;0.7189683
269567444;41.19471;-8.577572;-0.1497069;0.7189834
269567445;41.19506;-8.577331;-0.1497027;0.7189894
269567447;41.19667;-8.576294;-0.1496846;0.7190174
299573943;41.17621;-8.58567;-0.1498482;0.7186605
299608221;41.17771;-8.58483;-0.1498336;0.7186866
428672191;41.19693;-8.576172;-0.1496824;0.7190222
432578829;41.17751;-8.588006;-0.149889;0.7186831
432578835;41.17778;-8.587725;-0.1498841;0.7186878
432578836;41.18122;-8.58376;-0.1498149;0.718748
432578837;41.17948;-8.585722;-0.1498491;0.7187175
432578838;41.17849;-8.586858;-0.1498689;0.7187002
432578839;41.17761;-8.587926;-0.1498876;0.7186849
432578841;41.1763;-8.587831;-0.1498859;0.718662
432589602;41.17971;-8.589706;-0.1499187;0.7187216
432589603;41.1797;-8.589633;-0.1499174;0.7187214
432589605;41.17911;-8.589718;-0.1499189;0.718711
432589606;41.17842;-8.588076;-0.1498902;0.718699
433469176;41.18292;-8.589848;-0.1499211;0.7187775
433469178;41.18239;-8.588977;-0.1499059;0.7187683
433469179;41.18225;-8.588569;-0.1498988;0.7187659
433469180;41.18201;-8.587537;-0.1498808;0.7187617
433469181;41.18194;-8.587255;-0.1498759;0.7187605
433469182;41.18182;-8.58672;-0.1498665;0.7187583
433469183;41.18174;-8.586303;-0.1498592;0.7187569
433469184;41.18171;-8.586223;-0.1498578;0.7187564
433469185;41.18147;-8.585158;-0.1498393;0.7187522
433469186;41.18132;-8.584636;-0.1498302;0.7187496
433469187;41.18274;-8.589906;-0.1499221;0.7187744
433469196;41.18024;-8.5895;-0.1499151;0.7187309
433469208;41.18139;-8.587976;-0.1498885;0.7187508
433469209;41.18105;-8.588041;-0.1498896;0.7187448
433469211;41.18096;-8.588043;-0.1498896;0.7187433
433469213;41.18084;-8.587967;-0.1498883;0.7187413
433469216;41.18068;-8.587818;-0.1498857;0.7187385
433469218;41.18019;-8.587329;-0.1498772;0.7187299
433469220;41.18607;-8.58499;-0.1498363;0.7188325
433469222;41.18624;-8.585656;-0.149848;0.7188355
433469225;41.18633;-8.586009;-0.1498541;0.7188371
433469229;41.18634;-8.586307;-0.1498593;0.7188373
433469234;41.18631;-8.586498;-0.1498627;0.7188367
433469236;41.18624;-8.586731;-0.1498667;0.7188356
433469237;41.18607;-8.587025;-0.1498719;0.7188325
433469238;41.18593;-8.587193;-0.1498748;0.7188301
433469239;41.18568;-8.587486;-0.1498799;0.7188257
433469240;41.18555;-8.587551;-0.149881;0.7188234
433469241;41.18534;-8.58755;-0.149881;0.7188197
433469243;41.18523;-8.587647;-0.1498827;0.7188179
433469246;41.18513;-8.587961;-0.1498882;0.7188161
433469248;41.18504;-8.588056;-0.1498898;0.7188146
433469250;41.18495;-8.58809;-0.1498905;0.718813
433469258;41.18436;-8.58782;-0.1498857;0.7188026
433469262;41.18419;-8.587768;-0.1498848;0.7187997
433469264;41.18382;-8.587802;-0.1498854;0.7187933
433469266;41.18325;-8.58789;-0.149887;0.7187834
433469268;41.18309;-8.587878;-0.1498868;0.7187806
433469270;41.18289;-8.587803;-0.1498854;0.718777
433469278;41.18529;-8.585533;-0.1498458;0.7188188
444030213;41.17779;-8.582582;-0.1497943;0.718688
444030214;41.17847;-8.58113;-0.149769;0.7186999
444030215;41.17906;-8.58073;-0.149762;0.7187102
444030216;41.17988;-8.58151;-0.1497756;0.7187245
444030217;41.17975;-8.581377;-0.1497733;0.7187222
444030218;41.17951;-8.581178;-0.1497698;0.7187181
444030219;41.17916;-8.580962;-0.149766;0.718712
444030220;41.17884;-8.580137;-0.1497516;0.7187064
444030221;41.17881;-8.580061;-0.1497503;0.7187058
444030222;41.17855;-8.579344;-0.1497378;0.7187014
444030223;41.17846;-8.578879;-0.1497297;0.7186996
444030224;41.17842;-8.578665;-0.1497259;0.718699
444030225;41.1784;-8.578482;-0.1497228;0.7186986
444030226;41.17843;-8.577452;-0.1497048;0.7186992
444030227;41.17863;-8.576963;-0.1496962;0.7187026
444030229;41.17894;-8.576194;-0.1496828;0.7187082
444030230;41.17942;-8.575024;-0.1496624;0.7187164
444030231;41.17954;-8.574716;-0.149657;0.7187186
444030232;41.17858;-8.576923;-0.1496955;0.7187018
444030233;41.1783;-8.576671;-0.1496911;0.7186969
444030234;41.17804;-8.576333;-0.1496852;0.7186923
444030240;41.17872;-8.576718;-0.149692;0.7187043
444030241;41.17867;-8.576639;-0.1496906;0.7187033
444030247;41.17781;-8.578418;-0.1497216;0.7186884
444041587;41.18101;-8.582967;-0.149801;0.7187442
444041590;41.18191;-8.581766;-0.1497801;0.7187599
444041594;41.18293;-8.581099;-0.1497684;0.7187777
444041595;41.18359;-8.580615;-0.14976;0.7187892
444041597;41.18433;-8.579657;-0.1497433;0.7188022
444041599;41.18474;-8.57922;-0.1497356;0.7188094
444041608;41.186;-8.581134;-0.149769;0.7188312
444041618;41.18409;-8.581207;-0.1497703;0.718798
444041624;41.18333;-8.582485;-0.1497926;0.7187848
444041625;41.18255;-8.580389;-0.149756;0.718771
444041627;41.18187;-8.581315;-0.1497722;0.7187592
444041629;41.18198;-8.581169;-0.1497696;0.7187611
444041631;41.18278;-8.579976;-0.1497488;0.7187752
444041632;41.18296;-8.579056;-0.1497328;0.7187783
444041634;41.18341;-8.578186;-0.1497176;0.7187861
444041638;41.18241;-8.579872;-0.149747;0.7187686
444041639;41.1822;-8.579814;-0.149746;0.718765
444041641;41.18204;-8.579776;-0.1497453;0.7187622
444041644;41.18187;-8.579798;-0.1497457;0.7187593
444041645;41.18308;-8.581616;-0.1497775;0.7187804
444041646;41.18402;-8.581274;-0.1497715;0.7187968
444058614;41.19038;-8.580437;-0.1497569;0.7189078
444058615;41.19146;-8.580111;-0.1497512;0.7189266
444058742;41.19373;-8.57856;-0.1497241;0.7189663
444058750;41.19284;-8.579491;-0.1497404;0.7189507
445028153;41.18454;-8.587199;-0.1498749;0.7188057
445028155;41.18405;-8.587452;-0.1498793;0.7187972
445028157;41.18415;-8.587667;-0.1498831;0.7187991
445028158;41.18394;-8.587265;-0.149876;0.7187954
445028160;41.18389;-8.587171;-0.1498744;0.7187945
445028162;41.18373;-8.587122;-0.1498736;0.7187917
445028163;41.1836;-8.587122;-0.1498736;0.7187895
445028164;41.1834;-8.58713;-0.1498737;0.718786
445028165;41.18328;-8.587175;-0.1498745;0.7187839
445028166;41.18314;-8.587239;-0.1498756;0.7187813
445028167;41.18294;-8.587109;-0.1498733;0.7187779
445028168;41.18274;-8.586984;-0.1498711;0.7187744
445028169;41.1825;-8.586824;-0.1498684;0.7187702
445028170;41.18231;-8.586701;-0.1498662;0.7187669
445028171;41.18218;-8.586623;-0.1498649;0.7187646
445028172;41.18188;-8.586687;-0.149866;0.7187594
445028173;41.18278;-8.587753;-0.1498846;0.718775
445028175;41.18257;-8.587622;-0.1498823;0.7187714
445028176;41.18236;-8.587501;-0.1498802;0.7187678
445028178;41.18209;-8.587527;-0.1498806;0.718763
445028179;41.18499;-8.585669;-0.1498482;0.7188137
445028180;41.18482;-8.585677;-0.1498483;0.7188107
445028181;41.18422;-8.585734;-0.1498493;0.7188002
445028182;41.18356;-8.585059;-0.1498376;0.7187887
445028183;41.18579;-8.584123;-0.1498212;0.7188277
445028184;41.1855;-8.583146;-0.1498042;0.7188226
445028185;41.18507;-8.581784;-0.1497804;0.7188151
445028193;41.18339;-8.584528;-0.1498283;0.7187858
445028194;41.18352;-8.583893;-0.1498172;0.718788
445028195;41.18362;-8.583735;-0.1498144;0.7187897
445028198;41.18388;-8.583395;-0.1498085;0.7187943
445028199;41.18398;-8.583247;-0.1498059;0.718796
445028200;41.18373;-8.5869;-0.1498697;0.7187917
445028201;41.18362;-8.586718;-0.1498665;0.7187898
445028202;41.18346;-8.586484;-0.1498624;0.7187869
445028203;41.18332;-8.586335;-0.1498598;0.7187845
445028204;41.18321;-8.586225;-0.1498579;0.7187826
445028205;41.18306;-8.586073;-0.1498552;0.71878
445028206;41.18293;-8.585935;-0.1498528;0.7187777
445028207;41.18282;-8.585847;-0.1498513;0.7187759
445028208;41.18268;-8.585671;-0.1498482;0.7187734
445028209;41.18257;-8.585374;-0.149843;0.7187714
445028210;41.18246;-8.585111;-0.1498384;0.7187695
445028211;41.18423;-8.58663;-0.149865;0.7188004
445028212;41.18413;-8.586476;-0.1498623;0.7187986
445028213;41.184;-8.58624;-0.1498582;0.7187964
445028214;41.18392;-8.586141;-0.1498564;0.7187951
445028215;41.18383;-8.586025;-0.1498544;0.7187934
445028216;41.18367;-8.585915;-0.1498525;0.7187907
445028217;41.18359;-8.585876;-0.1498518;0.7187892
445028218;41.1833;-8.585717;-0.149849;0.7187841
445028219;41.18315;-8.585594;-0.1498469;0.7187815
445028220;41.18301;-8.585473;-0.1498448;0.718779
445028221;41.18279;-8.585303;-0.1498418;0.7187753
445028222;41.1826;-8.585174;-0.1498396;0.718772
445028223;41.18206;-8.584869;-0.1498342;0.7187626
445028225;41.18138;-8.584524;-0.1498282;0.7187507
445028226;41.17979;-8.587152;-0.1498741;0.718723
445028228;41.17989;-8.588222;-0.1498927;0.7187246
445028230;41.18307;-8.587197;-0.1498749;0.7187802
445028231;41.18095;-8.587552;-0.1498811;0.7187431
445028232;41.18098;-8.586986;-0.1498712;0.7187436
445028233;41.18058;-8.586714;-0.1498664;0.7187367
445028234;41.18064;-8.586542;-0.1498634;0.7187378
445028235;41.18102;-8.586753;-0.1498671;0.7187445
445028236;41.18097;-8.586932;-0.1498702;0.7187435
445028239;41.18193;-8.589349;-0.1499124;0.7187602
445028240;41.18209;-8.589581;-0.1499165;0.7187631
445028241;41.18441;-8.586937;-0.1498703;0.7188035
445041881;41.17991;-8.586314;-0.1498595;0.718725
445041883;41.17843;-8.58673;-0.1498667;0.7186992
445041884;41.17838;-8.586425;-0.1498614;0.7186982
445041885;41.17833;-8.585325;-0.1498422;0.7186974
445041886;41.18;-8.585136;-0.1498389;0.7187265
445041887;41.17998;-8.583678;-0.1498134;0.7187262
445041888;41.17994;-8.58627;-0.1498587;0.7187255
445041889;41.18077;-8.585153;-0.1498392;0.71874
445041895;41.18125;-8.584435;-0.1498267;0.7187484
445041896;41.18132;-8.584287;-0.1498241;0.7187496
445041897;41.18136;-8.584088;-0.1498206;0.7187503
445041898;41.18135;-8.583887;-0.1498171;0.7187502
445041899;41.1813;-8.583713;-0.149814;0.7187492
445041906;41.1805;-8.582041;-0.1497849;0.7187353
445041909;41.18047;-8.581861;-0.1497817;0.7187348
445041910;41.18047;-8.581627;-0.1497777;0.7187347
445041911;41.18048;-8.581438;-0.1497743;0.718735
445041914;41.1808;-8.578225;-0.1497183;0.7187405
445041915;41.18084;-8.576925;-0.1496956;0.7187413
445041916;41.181;-8.576896;-0.1496951;0.7187441
445439300;41.17966;-8.589194;-0.1499097;0.7187207
445439324;41.17978;-8.589131;-0.1499086;0.7187226
445439326;41.17972;-8.589216;-0.1499101;0.7187217
447872446;41.17944;-8.570913;-0.1495907;0.7187169
789690202;41.17817;-8.574639;-0.1496557;0.7186947
789692760;41.17811;-8.574479;-0.1496529;0.7186936
789695249;41.18009;-8.574521;-0.1496536;0.7187281
789709519;41.17835;-8.578646;-0.1497256;0.7186978
789709521;41.17819;-8.578545;-0.1497238;0.718695
789709522;41.17793;-8.578451;-0.1497222;0.7186905
792643010;41.18057;-8.582054;-0.1497851;0.7187366
792643014;41.1805;-8.582153;-0.1497868;0.7187353
792643017;41.18034;-8.582149;-0.1497868;0.7187325
792643023;41.18032;-8.581777;-0.1497803;0.7187322
792643028;41.18037;-8.581744;-0.1497797;0.718733
792643032;41.18042;-8.581732;-0.1497795;0.7187338
792643035;41.18047;-8.581741;-0.1497796;0.7187348
792643039;41.18055;-8.58182;-0.149781;0.7187362
792643152;41.18008;-8.581658;-0.1497782;0.718728
1103464865;41.18117;-8.583275;-0.1498064;0.718747
1207561936;41.18489;-8.588092;-0.1498905;0.718812
1389528038;41.17976;-8.589194;-0.1499097;0.7187225
1389528039;41.17987;-8.589646;-0.1499176;0.7187243
1389528052;41.18075;-8.588869;-0.149904;0.7187396
1389528056;41.18102;-8.58818;-0.149892;0.7187444
1389528057;41.18103;-8.589081;-0.1499077;0.7187445
1389528059;41.18108;-8.587105;-0.1498733;0.7187454
1389528062;41.1813;-8.588014;-0.1498891;0.7187493
1389528069;41.18256;-8.589323;-0.149912;0.7187713
1647949083;41.19157;-8.580079;-0.1497506;0.7189285
1647949110;41.1949;-8.577434;-0.1497045;0.7189866
1650259143;41.18539;-8.582796;-0.1497981;0.7188208
1650259148;41.1886;-8.580648;-0.1497606;0.7188767
1651648715;41.19638;-8.576421;-0.1496868;0.7190124
1651648727;41.19612;-8.576552;-0.1496891;0.719008
1654252802;41.18377;-8.577254;-0.1497013;0.7187924
1654252853;41.18382;-8.577188;-0.1497002;0.7187933
1654252860;41.1848;-8.579155;-0.1497345;0.7188104
1654252877;41.18354;-8.577925;-0.149713;0.7187884
1696370770;41.1844;-8.582182;-0.1497873;0.7188033
1696370772;41.18297;-8.584041;-0.1498198;0.7187784
1696370789;41.18407;-8.582737;-0.149797;0.7187976
1696370792;41.18411;-8.582567;-0.1497941;0.7187983
1696370795;41.18263;-8.582741;-0.1497971;0.7187725
1696370798;41.18404;-8.582957;-0.1498009;0.7187971
1696378885;41.1972;-8.576076;-0.1496807;0.7190267
1728071462;41.18524;-8.581716;-0.1497792;0.718818
1728072334;41.19309;-8.579321;-0.1497374;0.718955
1731170784;41.17819;-8.584524;-0.1498282;0.718695
1731170793;41.17839;-8.581223;-0.1497706;0.7186986
1731170804;41.17865;-8.582553;-0.1497938;0.718703
1731170805;41.17871;-8.583958;-0.1498183;0.7187042
1731170827;41.17903;-8.583593;-0.149812;0.7187096
1731170834;41.17915;-8.583192;-0.149805;0.7187118
1731170854;41.17942;-8.582402;-0.1497912;0.7187164
1731170867;41.17945;-8.582652;-0.1497955;0.7187171
1731170869;41.17951;-8.582547;-0.1497937;0.718718
1731170872;41.17955;-8.582366;-0.1497905;0.7187188
1731170873;41.1796;-8.574711;-0.1496569;0.7187195
1731170877;41.17966;-8.574651;-0.1496559;0.7187207
1731170886;41.17984;-8.571268;-0.1495969;0.7187237
1731170903;41.17995;-8.571743;-0.1496051;0.7187258
1731170942;41.18003;-8.586155;-0.1498567;0.7187271
1731170946;41.18025;-8.581977;-0.1497838;0.718731
1731170947;41.18027;-8.582045;-0.1497849;0.7187312
1731170955;41.18029;-8.582104;-0.149786;0.7187317
1731170982;41.18048;-8.585672;-0.1498483;0.718735
1731170986;41.18052;-8.582332;-0.1497899;0.7187356
1731170988;41.18054;-8.582111;-0.1497861;0.7187361
1731170991;41.18053;-8.582499;-0.1497929;0.7187359
1731170993;41.18055;-8.582634;-0.1497952;0.7187361
1731171009;41.18058;-8.581872;-0.1497819;0.7187366
1731171018;41.1807;-8.585217;-0.1498403;0.7187388
1731171020;41.18073;-8.585254;-0.149841;0.7187392
1731171035;41.18081;-8.577814;-0.1497111;0.7187406
1731171037;41.1808;-8.583121;-0.1498037;0.7187406
1731171039;41.18084;-8.583385;-0.1498083;0.7187412
1731171040;41.18088;-8.576894;-0.149695;0.718742
1731171041;41.18087;-8.577815;-0.1497111;0.7187418
1731171043;41.18088;-8.583163;-0.1498045;0.7187419
1731171048;41.18097;-8.576881;-0.1496948;0.7187435
1731171060;41.181;-8.581577;-0.1497768;0.7187441
1731171084;41.18109;-8.581567;-0.1497766;0.7187456
1731171102;41.18126;-8.584566;-0.1498289;0.7187486
1731171145;41.18167;-8.581435;-0.1497743;0.7187557
1731171172;41.18203;-8.581685;-0.1497787;0.7187619
1731171177;41.18274;-8.580096;-0.1497509;0.7187744
1731171189;41.18287;-8.579607;-0.1497424;0.7187766
1731171191;41.18288;-8.58104;-0.1497674;0.7187769
1731171193;41.18291;-8.579273;-0.1497366;0.7187773
1731171195;41.18296;-8.581171;-0.1497697;0.7187783
1731171196;41.18297;-8.581066;-0.1497679;0.7187784
1731171199;41.18311;-8.578702;-0.1497266;0.7187809
1731171217;41.18366;-8.58053;-0.1497585;0.7187905
1731171307;41.18967;-8.580555;-0.1497589;0.7188954
1731171325;41.18988;-8.580519;-0.1497583;0.718899
1738392403;41.19568;-8.576868;-0.1496946;0.7190002
1738392435;41.19605;-8.576593;-0.1496898;0.7190067
1837318438;41.17649;-8.585974;-0.1498535;0.7186654
1837321449;41.17828;-8.584436;-0.1498267;0.7186967
1837323243;41.17712;-8.586475;-0.1498623;0.7186764
1837681069;41.1767;-8.586143;-0.1498565;0.7186691
1837684392;41.18058;-8.579604;-0.1497423;0.7187368
1837684395;41.17925;-8.579534;-0.1497411;0.7187135
1837684397;41.1796;-8.579615;-0.1497425;0.7187195
1837688578;41.179;-8.581535;-0.149776;0.7187092
1837688580;41.17899;-8.580782;-0.1497629;0.7187089
1837688581;41.17896;-8.581243;-0.1497709;0.7187084
1837689092;41.17865;-8.580177;-0.1497523;0.718703
1837689093;41.17815;-8.580647;-0.1497605;0.7186942
1837690969;41.17817;-8.578805;-0.1497284;0.7186946
1837690970;41.17801;-8.579916;-0.1497478;0.7186918
1837690971;41.17808;-8.579933;-0.1497481;0.7186931
1837690979;41.17828;-8.579016;-0.1497321;0.7186965
1837690983;41.17838;-8.579212;-0.1497355;0.7186982
1837690987;41.17845;-8.579567;-0.1497417;0.7186996
1837690989;41.17769;-8.579171;-0.1497348;0.7186863
1837690993;41.17766;-8.57926;-0.1497363;0.7186858
1837690995;41.17771;-8.579156;-0.1497345;0.7186866
1837690996;41.1781;-8.578792;-0.1497282;0.7186934
1838438345;41.17962;-8.585554;-0.1498462;0.71872
1838438346;41.17931;-8.585056;-0.1498375;0.7187145
1838444495;41.18113;-8.583535;-0.149811;0.7187462
1838444684;41.18096;-8.583344;-0.1498076;0.7187434
1838444859;41.1809;-8.583264;-0.1498062;0.7187423
1838444860;41.18109;-8.583103;-0.1498034;0.7187456
1838445055;41.18098;-8.583228;-0.1498056;0.7187437
1838445085;41.18127;-8.583457;-0.1498096;0.7187487
1838445653;41.17969;-8.581326;-0.1497724;0.7187212
1838445654;41.17965;-8.581583;-0.1497769;0.7187204
1838445655;41.1795;-8.581623;-0.1497776;0.7187179
1838445656;41.17941;-8.581122;-0.1497688;0.7187163
1920047167;41.18515;-8.581753;-0.1497798;0.7188165
2066740971;41.17648;-8.587812;-0.1498856;0.7186652
2066740979;41.17739;-8.588026;-0.1498893;0.718681
2207552041;41.17974;-8.588099;-0.1498906;0.7187221
2583924942;41.18038;-8.591702;-0.1499535;0.7187333
2846609718;41.17979;-8.590189;-0.1499271;0.718723
3122349593;41.18828;-8.580606;-0.1497598;0.7188711
3122372822;41.18135;-8.581509;-0.1497756;0.7187502
3122372823;41.18135;-8.58164;-0.1497779;0.7187501
3122372824;41.18132;-8.581723;-0.1497793;0.7187496
3122372825;41.18126;-8.581831;-0.1497812;0.7187486
3139458003;41.18017;-8.586282;-0.1498589;0.7187295
3139458027;41.18024;-8.591259;-0.1499458;0.7187307
3168698812;41.18184;-8.589475;-0.1499146;0.7187588
3168698813;41.18209;-8.5866;-0.1498645;0.7187632
3168698814;41.18346;-8.585842;-0.1498512;0.7187871
3168698815;41.18408;-8.586382;-0.1498606;0.7187977
3168698817;41.18428;-8.585737;-0.1498494;0.7188014
3168698827;41.18526;-8.587579;-0.1498815;0.7188185
3168773372;41.1861;-8.586962;-0.1498708;0.7188331
3168773378;41.18627;-8.586631;-0.149865;0.7188361
3168773383;41.18635;-8.586226;-0.1498579;0.7188374
3493871421;41.18211;-8.581632;-0.1497777;0.7187634
3497904801;41.18085;-8.582315;-0.1497897;0.7187414
3497904802;41.18077;-8.582135;-0.1497865;0.7187401
3497904803;41.18075;-8.581927;-0.1497829;0.7187396
3497904804;41.18072;-8.581737;-0.1497796;0.7187391
3497904805;41.18067;-8.581587;-0.149777;0.7187383
3497904806;41.18067;-8.581523;-0.1497758;0.7187383
3522178888;41.17979;-8.590173;-0.1499268;0.7187229
3554536256;41.18098;-8.581942;-0.1497831;0.7187437
3554536257;41.18091;-8.581565;-0.1497766;0.7187425
3554536260;41.18121;-8.581867;-0.1497818;0.7187476
3554536261;41.18104;-8.582048;-0.149785;0.7187447
3570149397;41.17759;-8.582903;-0.1497999;0.7186844
3570149401;41.1778;-8.582763;-0.1497975;0.7186882
3570149402;41.17781;-8.582891;-0.1497997;0.7186884
3570149405;41.17793;-8.582726;-0.1497968;0.7186905
3570149417;41.17833;-8.582655;-0.1497956;0.7186975
3570149423;41.17839;-8.575574;-0.149672;0.7186986
3573222115;41.17996;-8.572272;-0.1496144;0.7187259
3573222123;41.18018;-8.581759;-0.14978;0.7187297
3573222129;41.18073;-8.579591;-0.1497421;0.7187394
3573222131;41.18087;-8.587683;-0.1498833;0.7187417
3583878569;41.18509;-8.581845;-0.1497815;0.7188154
3713963405;41.18007;-8.590695;-0.1499359;0.7187278
3713963409;41.18013;-8.590905;-0.1499396;0.7187288
4257760307;41.18118;-8.581877;-0.149782;0.7187471
4393941430;41.17802;-8.582825;-0.1497986;0.7186921
4393941433;41.17802;-8.582702;-0.1497964;0.7186921
4393941434;41.17807;-8.582531;-0.1497934;0.7186928
4393941438;41.17815;-8.58301;-0.1498018;0.7186942
4393941442;41.1783;-8.582972;-0.1498011;0.7186968
4393941445;41.17836;-8.582882;-0.1497996;0.7186979
4393941449;41.17838;-8.583151;-0.1498042;0.7186982
4393941459;41.17848;-8.582396;-0.1497911;0.7187001
4393941467;41.17854;-8.582819;-0.1497985;0.7187011
4393941470;41.17857;-8.582985;-0.1498013;0.7187015
4393941471;41.17859;-8.582572;-0.1497941;0.7187019
4393941472;41.17861;-8.583335;-0.1498075;0.7187024
4393941473;41.17883;-8.583636;-0.1498127;0.7187061
4393941474;41.17888;-8.584044;-0.1498198;0.718707
4393941475;41.17892;-8.582659;-0.1497957;0.7187077
4393941476;41.17895;-8.582525;-0.1497933;0.7187082
4393941477;41.17939;-8.585183;-0.1498397;0.718716
4393941478;41.17942;-8.584938;-0.1498354;0.7187166
4393941479;41.1795;-8.585061;-0.1498376;0.7187179
4408373553;41.18684;-8.580688;-0.1497613;0.7188459
4411518238;41.18442;-8.582107;-0.149786;0.7188038
4412468323;41.18911;-8.580648;-0.1497606;0.7188855
4412468497;41.18562;-8.587531;-0.1498807;0.7188246
4412468498;41.18544;-8.587569;-0.1498814;0.7188216
4413322399;41.19709;-8.576115;-0.1496814;0.7190248
4413343741;41.18318;-8.584844;-0.1498338;0.7187821
4413343742;41.18308;-8.584943;-0.1498355;0.7187803
4413343743;41.18296;-8.585085;-0.149838;0.7187783
4413343744;41.18287;-8.585262;-0.1498411;0.7187766
4413343745;41.18285;-8.585351;-0.1498426;0.7187763
4413343747;41.1828;-8.585549;-0.1498461;0.7187754
4413343748;41.18272;-8.585744;-0.1498495;0.7187741
4413343749;41.18144;-8.584169;-0.149822;0.7187517
4413343750;41.18158;-8.584142;-0.1498215;0.7187542
4413343751;41.18174;-8.584093;-0.1498207;0.7187569
4413343752;41.18188;-8.584007;-0.1498192;0.7187595
4413343753;41.18205;-8.583911;-0.1498175;0.7187623
4413343754;41.18218;-8.583831;-0.1498161;0.7187647
4413343755;41.18177;-8.584076;-0.1498204;0.7187574
4413343756;41.18188;-8.584123;-0.1498212;0.7187595
4413343757;41.18206;-8.584166;-0.149822;0.7187625
4413343758;41.18172;-8.584709;-0.1498314;0.7187566
4418971963;41.18367;-8.587827;-0.1498858;0.7187906
4418972106;41.18535;-8.582658;-0.1497956;0.7188199
4420934337;41.18521;-8.58227;-0.1497889;0.7188176
4420934368;41.18582;-8.581279;-0.1497716;0.7188282
4422205188;41.18107;-8.583426;-0.149809;0.7187453
4422205989;41.18134;-8.583211;-0.1498053;0.7187499
4422205990;41.18088;-8.583315;-0.1498071;0.7187419
4422205991;41.18091;-8.583362;-0.1498079;0.7187425
4422206019;41.18414;-8.582174;-0.1497872;0.7187989
4422206024;41.19519;-8.577242;-0.1497011;0.7189917
4422206025;41.19589;-8.576697;-0.1496916;0.719004
4422206026;41.19701;-8.576141;-0.1496819;0.7190235
4440945958;41.1852;-8.582221;-0.149788;0.7188173
4440945964;41.18511;-8.581946;-0.1497832;0.7188158
4441072669;41.17791;-8.587562;-0.1498812;0.7186902
4441072677;41.17768;-8.582933;-0.1498004;0.718686
4452315786;41.17896;-8.581761;-0.14978;0.7187085
4452315963;41.17953;-8.584787;-0.1498328;0.7187183
4452315964;41.17954;-8.584424;-0.1498265;0.7187186
4463691459;41.18509;-8.588016;-0.1498891;0.7188154
4463691460;41.18462;-8.587966;-0.1498883;0.7188073
4463691461;41.18299;-8.587846;-0.1498862;0.7187788
4463691462;41.18229;-8.587484;-0.1498799;0.7187665
4463691463;41.18335;-8.587144;-0.1498739;0.7187851
4463691464;41.18379;-8.587131;-0.1498737;0.7187927
4463691465;41.18388;-8.586081;-0.1498554;0.7187943
4463691466;41.18374;-8.585961;-0.1498533;0.7187918
4463691467;41.18339;-8.585796;-0.1498504;0.7187857
4463691468;41.18389;-8.58541;-0.1498437;0.7187945
4463691469;41.18509;-8.585638;-0.1498477;0.7188154
4463691470;41.18571;-8.585246;-0.1498408;0.7188262
4463692792;41.18028;-8.589443;-0.1499141;0.7187315
4463731540;41.18032;-8.586029;-0.1498545;0.7187322
4463731541;41.18053;-8.586061;-0.149855;0.7187359
4463731542;41.18116;-8.586047;-0.1498548;0.7187469
4463731543;41.18117;-8.585798;-0.1498504;0.718747
4463731556;41.18002;-8.586666;-0.1498656;0.7187269
4463731557;41.18069;-8.58706;-0.1498725;0.7187386
4463731558;41.18089;-8.588987;-0.1499061;0.7187422
4463731559;41.18325;-8.587216;-0.1498752;0.7187833
4463731560;41.18319;-8.587241;-0.1498756;0.7187822
4464130694;41.17819;-8.582762;-0.1497975;0.718695
4464130695;41.17816;-8.582663;-0.1497957;0.7186945
4464130696;41.17875;-8.582574;-0.1497942;0.7187047
4464130697;41.17872;-8.582473;-0.1497924;0.7187042
4464130698;41.18045;-8.582176;-0.1497872;0.7187344
4464130699;41.18037;-8.582168;-0.1497871;0.718733
4464130700;41.18026;-8.581907;-0.1497825;0.718731
4464130701;41.18029;-8.581806;-0.1497808;0.7187317
4464130702;41.18052;-8.581772;-0.1497802;0.7187356
4464130703;41.18059;-8.581928;-0.1497829;0.7187368
4474021914;41.17884;-8.583858;-0.1498166;0.7187064
4474021915;41.1792;-8.583092;-0.1498032;0.7187126
4474021916;41.17949;-8.582595;-0.1497945;0.7187178
4474021917;41.17746;-8.58802;-0.1498892;0.7186822
4474021918;41.17756;-8.587967;-0.1498883;0.718684
4474021919;41.17743;-8.588024;-0.1498893;0.7186816
4478085704;41.175;-8.588453;-0.1498968;0.7186394
4478085707;41.17506;-8.588429;-0.1498964;0.7186403
4478129143;41.17824;-8.585307;-0.1498419;0.7186959
4478129144;41.17801;-8.585392;-0.1498434;0.7186918
4478129145;41.17802;-8.586265;-0.1498586;0.7186921
4478129146;41.17799;-8.586268;-0.1498587;0.7186915
4478129152;41.17955;-8.584734;-0.1498319;0.7187186
4478129167;41.18192;-8.579525;-0.149741;0.7187601
4478129168;41.18193;-8.579041;-0.1497325;0.7187604
4478129169;41.18187;-8.579881;-0.1497472;0.7187592
4478129170;41.18188;-8.579944;-0.1497483;0.7187595
4478129171;41.18192;-8.579974;-0.1497488;0.7187601
4478129172;41.18195;-8.579975;-0.1497488;0.7187607
4478129173;41.1819;-8.579965;-0.1497486;0.7187598
4478129174;41.18187;-8.579913;-0.1497477;0.7187593
4478129175;41.18288;-8.57954;-0.1497412;0.7187768
4478129176;41.18247;-8.57953;-0.149741;0.7187697
4478129177;41.18246;-8.579886;-0.1497473;0.7187696
4478129178;41.18248;-8.57922;-0.1497356;0.7187698
4478129864;41.18179;-8.581384;-0.1497734;0.7187577
4492974703;41.18074;-8.58185;-0.1497815;0.7187394
4492974704;41.18076;-8.582045;-0.1497849;0.7187399
4492974705;41.18062;-8.581518;-0.1497757;0.7187374
4492974706;41.17985;-8.586248;-0.1498583;0.718724
4492974707;41.17953;-8.585783;-0.1498502;0.7187183
4492974708;41.17999;-8.584874;-0.1498343;0.7187265
4492974709;41.18111;-8.583903;-0.1498174;0.718746
4492974710;41.18115;-8.58386;-0.1498166;0.7187467
4492974711;41.18257;-8.582761;-0.1497974;0.7187714
4492974712;41.18265;-8.582814;-0.1497984;0.7187728
4492974713;41.18432;-8.582098;-0.1497859;0.718802
4492974714;41.1851;-8.581903;-0.1497824;0.7188157
4492974715;41.1851;-8.581867;-0.1497818;0.7188156
4492974717;41.1861;-8.585105;-0.1498383;0.7188331
4492974718;41.18599;-8.585045;-0.1498373;0.7188312
4492974822;41.19409;-8.578164;-0.1497172;0.7189724
4492974823;41.19321;-8.579217;-0.1497356;0.7189571
4492974825;41.18778;-8.580551;-0.1497589;0.7188624
4492974830;41.1846;-8.579348;-0.1497379;0.7188069
4492974831;41.18439;-8.579585;-0.149742;0.7188032
4492974832;41.18447;-8.57948;-0.1497402;0.7188045
4492974833;41.18402;-8.580067;-0.1497504;0.7187968
4492974834;41.18282;-8.580921;-0.1497653;0.7187757
4492974835;41.1829;-8.581079;-0.1497681;0.7187771
4492974836;41.18252;-8.581367;-0.1497731;0.7187705
4492974837;41.18108;-8.582887;-0.1497996;0.7187454
4492974838;41.18106;-8.583051;-0.1498025;0.7187451
4492974839;41.18126;-8.583242;-0.1498058;0.7187485
4492974840;41.18181;-8.583048;-0.1498024;0.7187582
4492974841;41.18341;-8.58246;-0.1497922;0.7187861
4492974842;41.18359;-8.582395;-0.149791;0.7187892
4492974843;41.18495;-8.581829;-0.1497812;0.718813
4492974844;41.18531;-8.581676;-0.1497785;0.7188193
4492974845;41.18567;-8.581408;-0.1497738;0.7188255
4492974846;41.18607;-8.581084;-0.1497682;0.7188325
4492974847;41.18625;-8.580954;-0.1497659;0.7188357
4492974848;41.18653;-8.580799;-0.1497632;0.7188405
4492974849;41.1882;-8.580595;-0.1497596;0.7188697
4492974850;41.18808;-8.58058;-0.1497594;0.7188677
4492974851;41.18843;-8.580626;-0.1497602;0.7188738
4492974852;41.18896;-8.580658;-0.1497607;0.718883
4492974853;41.1887;-8.580647;-0.1497605;0.7188784
4492974856;41.18932;-8.580625;-0.1497602;0.7188892
4492974857;41.18998;-8.580503;-0.149758;0.7189007
4492974858;41.19079;-8.580315;-0.1497547;0.7189149
4492974859;41.19124;-8.580177;-0.1497523;0.7189228
4492974860;41.19172;-8.580027;-0.1497497;0.7189311
4492974861;41.19289;-8.579463;-0.1497399;0.7189516
4492974862;41.19317;-8.579252;-0.1497362;0.7189565
4492974863;41.19427;-8.577984;-0.1497141;0.7189757
4492974934;41.18408;-8.582652;-0.1497955;0.7187977
4492974935;41.18402;-8.583102;-0.1498034;0.7187968
4492974936;41.18145;-8.584552;-0.1498287;0.7187519
4492974937;41.18226;-8.58498;-0.1498362;0.718766
4492974938;41.18276;-8.585784;-0.1498502;0.7187747
4494940748;41.18104;-8.586689;-0.149866;0.7187447
4494940749;41.18106;-8.586676;-0.1498658;0.7187451
4494940750;41.18108;-8.586674;-0.1498657;0.7187455
4494940751;41.18129;-8.586773;-0.1498675;0.7187491
4494940752;41.18124;-8.58675;-0.1498671;0.7187483
4494940753;41.18126;-8.586655;-0.1498654;0.7187486
4494940754;41.18127;-8.586601;-0.1498645;0.7187487
4494940755;41.18124;-8.586547;-0.1498635;0.7187483
4494940756;41.1812;-8.586507;-0.1498628;0.7187475
4494940757;41.18118;-8.586493;-0.1498626;0.7187471
4494940758;41.18051;-8.586702;-0.1498662;0.7187355
4494940759;41.18046;-8.586679;-0.1498658;0.7187346
4494940760;41.1804;-8.586671;-0.1498657;0.7187336
4494940761;41.18037;-8.586668;-0.1498656;0.7187331
4494940762;41.18036;-8.586641;-0.1498652;0.7187329
4494940763;41.18037;-8.586615;-0.1498647;0.718733
4494940764;41.18266;-8.587704;-0.1498837;0.7187731
4494940765;41.18;-8.587227;-0.1498754;0.7187265
4494940770;41.1809;-8.588014;-0.1498891;0.7187423
4494940771;41.18084;-8.587831;-0.1498859;0.7187413
4494940772;41.18077;-8.587759;-0.1498847;0.7187401
4494940773;41.18186;-8.58922;-0.1499102;0.718759
4494940774;41.182;-8.589467;-0.1499145;0.7187615
4494940775;41.18284;-8.58989;-0.1499218;0.7187761
4494940776;41.18279;-8.589908;-0.1499222;0.7187753
4494940777;41.18289;-8.589864;-0.1499214;0.7187771
4494940778;41.18284;-8.58971;-0.1499187;0.7187761
4494940779;41.18273;-8.589564;-0.1499162;0.7187742
4494940780;41.18246;-8.589143;-0.1499088;0.7187696
4495896928;41.18145;-8.583989;-0.1498189;0.718752
4495896929;41.18145;-8.583938;-0.149818;0.7187518
4495896930;41.18153;-8.583922;-0.1498177;0.7187533
4495896931;41.18163;-8.583932;-0.1498179;0.7187549
4495896932;41.18193;-8.583836;-0.1498162;0.7187602
4495896941;41.18273;-8.58491;-0.1498349;0.7187742
4495896942;41.18179;-8.586576;-0.149864;0.7187578
4495896943;41.18176;-8.58642;-0.1498613;0.7187573
4495896944;41.18158;-8.58569;-0.1498486;0.7187542
4495896945;41.18135;-8.584708;-0.1498314;0.7187502
4495896946;41.18184;-8.586816;-0.1498682;0.7187588
4495896947;41.18159;-8.586906;-0.1498698;0.7187543
4495896948;41.18154;-8.586958;-0.1498707;0.7187534
4495897516;41.18529;-8.587561;-0.1498812;0.7188188
4496229613;41.18425;-8.585743;-0.1498495;0.7188008
4496229614;41.18418;-8.585714;-0.149849;0.7187995
4496229616;41.18346;-8.584171;-0.1498221;0.718787
4496229617;41.18357;-8.583802;-0.1498156;0.7187889
4496229618;41.1833;-8.584755;-0.1498322;0.7187843
4496229619;41.18401;-8.583175;-0.1498047;0.7187965
4496229620;41.18409;-8.582607;-0.1497948;0.718798
4496229621;41.18442;-8.582124;-0.1497863;0.7188037
4496229622;41.18443;-8.58209;-0.1497857;0.7188038
4496229623;41.18441;-8.582154;-0.1497868;0.7188036
4496229624;41.18354;-8.583841;-0.1498163;0.7187884
4496229625;41.18301;-8.58501;-0.1498367;0.7187792
4496229626;41.1825;-8.585221;-0.1498404;0.7187702
4496229627;41.18248;-8.585166;-0.1498394;0.7187698
4496229628;41.1827;-8.58571;-0.1498489;0.7187737
4496229629;41.18382;-8.587032;-0.149872;0.7187932
4496229634;41.18635;-8.586105;-0.1498558;0.7188374
4496229635;41.18633;-8.586402;-0.149861;0.718837
4496229648;41.19019;-8.580477;-0.1497576;0.7189045
4496229649;41.19028;-8.58046;-0.1497573;0.7189061
4501342448;41.18336;-8.584826;-0.1498335;0.7187853
4501342452;41.18082;-8.588838;-0.1499035;0.7187409
4501342453;41.18089;-8.58873;-0.1499016;0.7187421
4501342454;41.18085;-8.588804;-0.1499029;0.7187414
4505174781;41.17651;-8.587818;-0.1498857;0.7186656
4541181077;41.18504;-8.585657;-0.149848;0.7188146
4541181078;41.18454;-8.585698;-0.1498487;0.7188057
4541181079;41.1844;-8.585718;-0.1498491;0.7188033
4562008791;41.18277;-8.585636;-0.1498476;0.7187749
4562008792;41.18245;-8.587539;-0.1498808;0.7187693
4562008793;41.18261;-8.587673;-0.1498832;0.7187722
4562008794;41.18318;-8.587888;-0.1498869;0.7187821
4562008795;41.18427;-8.587785;-0.1498851;0.7188011
4562008796;41.18449;-8.587898;-0.1498871;0.718805
4562008797;41.18456;-8.587938;-0.1498878;0.7188061
4562008798;41.18442;-8.587855;-0.1498864;0.7188038
4562008799;41.18476;-8.588039;-0.1498896;0.7188096
4562008800;41.18468;-8.588002;-0.1498889;0.7188083
4562008801;41.185;-8.588077;-0.1498902;0.7188138
4562008802;41.18516;-8.587869;-0.1498866;0.7188166
4562008803;41.18524;-8.587607;-0.149882;0.7188181
4562008815;41.18748;-8.580564;-0.1497591;0.7188572
4566736207;41.17966;-8.589639;-0.1499175;0.7187207
4614307674;41.18175;-8.579823;-0.1497462;0.7187571
4614307675;41.1816;-8.579828;-0.1497463;0.7187545
4614307676;41.18156;-8.579863;-0.1497469;0.7187538
4614307677;41.18156;-8.579926;-0.149748;0.7187538
4614307678;41.18156;-8.579997;-0.1497492;0.7187538
4614307679;41.18153;-8.580387;-0.149756;0.7187532
4614307680;41.18132;-8.580391;-0.1497561;0.7187496
4614307681;41.18129;-8.580432;-0.1497568;0.718749
4614307682;41.18138;-8.57987;-0.149747;0.7187507
4614307683;41.18131;-8.579832;-0.1497463;0.7187495
4614307684;41.18127;-8.57984;-0.1497464;0.7187488
4614307685;41.18125;-8.579863;-0.1497469;0.7187485
4614307686;41.18123;-8.579909;-0.1497477;0.7187481
4614307687;41.18124;-8.580025;-0.1497497;0.7187482
4614307688;41.18124;-8.580155;-0.149752;0.7187482
4614309089;41.18189;-8.580112;-0.1497512;0.7187596
4614309090;41.18175;-8.579978;-0.1497489;0.7187572
4614309091;41.18166;-8.579987;-0.149749;0.7187555
4614309234;41.1819;-8.578977;-0.1497314;0.7187598
4614309235;41.1819;-8.578854;-0.1497292;0.7187598
4614309236;41.18184;-8.578756;-0.1497275;0.7187586
4614309237;41.18176;-8.578636;-0.1497255;0.7187573
4614309238;41.18175;-8.57851;-0.1497232;0.7187572
4614309239;41.18178;-8.578376;-0.1497209;0.7187577
4614309240;41.18184;-8.578191;-0.1497177;0.7187588
4614309241;41.18186;-8.578105;-0.1497162;0.7187591
4614309242;41.18185;-8.578006;-0.1497144;0.7187589
4703664518;41.18334;-8.584826;-0.1498335;0.7187849
4703664519;41.18339;-8.584827;-0.1498335;0.7187858
4703664520;41.18342;-8.584541;-0.1498285;0.7187863
4703664521;41.18336;-8.584523;-0.1498282;0.7187853
4703664522;41.18329;-8.584691;-0.1498311;0.718784
4703664523;41.18331;-8.584802;-0.1498331;0.7187844
4703665401;41.18338;-8.584866;-0.1498342;0.7187856
4703665402;41.18335;-8.584723;-0.1498317;0.718785
4703671419;41.18359;-8.583764;-0.1498149;0.7187893
4703671422;41.18406;-8.582767;-0.1497975;0.7187975
4703671427;41.18413;-8.582548;-0.1497937;0.7187986
4703680108;41.18285;-8.585385;-0.1498432;0.7187763
4703680109;41.18285;-8.585304;-0.1498418;0.7187763
4703680110;41.18285;-8.585412;-0.1498437;0.7187763
4703680111;41.18283;-8.585481;-0.1498449;0.7187759
4703680112;41.18285;-8.585327;-0.1498422;0.7187763
4751793223;41.17846;-8.586798;-0.1498679;0.7186997
4751793224;41.17841;-8.586613;-0.1498647;0.7186988
4751793225;41.17842;-8.586677;-0.1498658;0.718699
4751793226;41.18118;-8.583649;-0.1498129;0.7187471
4751793227;41.18127;-8.584011;-0.1498193;0.7187488
4751793228;41.18126;-8.584183;-0.1498223;0.7187485
4751793229;41.18119;-8.584335;-0.1498249;0.7187474
4751793230;41.18133;-8.583814;-0.1498158;0.7187498
4751793231;41.18132;-8.583763;-0.1498149;0.7187496
4751793232;41.18135;-8.583935;-0.1498179;0.7187502
4751793233;41.18136;-8.584005;-0.1498192;0.7187504
4751793234;41.18136;-8.584047;-0.1498199;0.7187504
4751793235;41.18135;-8.58414;-0.1498215;0.7187502
4751793236;41.18134;-8.584197;-0.1498225;0.71875
4751793237;41.18133;-8.584244;-0.1498233;0.7187498
4751793238;41.1813;-8.584338;-0.149825;0.7187492
4751793239;41.18127;-8.584387;-0.1498258;0.7187488
4751793240;41.18058;-8.582265;-0.1497888;0.7187368
4751793241;41.18052;-8.582105;-0.149786;0.7187356
4751793242;41.18051;-8.582075;-0.1497855;0.7187355
4751793243;41.18048;-8.581973;-0.1497837;0.718735
4751793244;41.18048;-8.58193;-0.1497829;0.7187349
4751793245;41.18047;-8.581897;-0.1497824;0.7187349
4751793246;41.18055;-8.582186;-0.1497874;0.7187362
4751793247;41.18047;-8.581792;-0.1497805;0.7187347
4751793248;41.18046;-8.581716;-0.1497792;0.7187346
4751793249;41.18046;-8.581754;-0.1497799;0.7187346
4751802407;41.18085;-8.583161;-0.1498044;0.7187414
4751802408;41.18083;-8.583148;-0.1498042;0.7187411
4751802409;41.18079;-8.583404;-0.1498087;0.7187403
4751802410;41.18082;-8.583368;-0.149808;0.7187408
4751802411;41.18082;-8.583338;-0.1498075;0.718741
4751802412;41.18084;-8.583286;-0.1498066;0.7187412
4751802413;41.18084;-8.583256;-0.1498061;0.7187412
4751802414;41.18084;-8.583223;-0.1498055;0.7187412
4751802415;41.18082;-8.583168;-0.1498045;0.7187408
4751802416;41.18053;-8.582531;-0.1497934;0.7187359
4751802417;41.18053;-8.582582;-0.1497943;0.7187359
4751802418;41.18054;-8.582359;-0.1497904;0.718736
4751802419;41.18055;-8.581718;-0.1497792;0.7187362
4751802420;41.18059;-8.58152;-0.1497758;0.7187368
4751802921;41.18066;-8.581555;-0.1497764;0.7187382
4751802922;41.17827;-8.582708;-0.1497965;0.7186964
4751802923;41.17825;-8.582653;-0.1497955;0.7186961
4751802924;41.17868;-8.582507;-0.149793;0.7187036
4751802925;41.1787;-8.582571;-0.1497941;0.7187038
4751802926;41.17879;-8.582566;-0.149794;0.7187055
4751802927;41.17879;-8.582438;-0.1497918;0.7187054
4760823275;41.18407;-8.581244;-0.149771;0.7187976
4760823277;41.1827;-8.583033;-0.1498022;0.7187738