13268420;1731170804;4751802924;
13268420;4751802924;4464130697;
13268420;4464130697;4751802927;
13268420;4751802927;128650147;
13268420;128650147;128651493;
13268420;128651493;128651494;
13799456;1731170804;4393941471;
13799456;4393941471;3570149417;
13799462;792643017;128651492;
13799462;128651492;1731170872;
13799462;1731170872;1731170854;
13799462;1731170854;128649722;
13799462;128649722;4393941476;
13799462;4393941476;4751802926;
13799462;4751802926;4464130696;
13799462;4464130696;4751802925;
13799462;4751802925;1731170804;
24812056;112613628;1103464865;
37141970;432578836;4492974710;
37141970;4492974710;4492974709;
37141970;4492974709;445041886;
37141970;445041886;1838438345;
37141970;1838438345;432578837;
37141970;432578837;432578838;
37141970;432578838;4441072669;
37141970;4441072669;432578835;
37141970;432578835;432578839;
37141970;432578839;4474021918;
37141970;4474021918;432578829;
37141970;432578829;4474021917;
37141970;4474021917;4474021919;
37141970;4474021919;2066740979;
37141970;2066740979;4505174781;
37141970;4505174781;2066740971;
37141970;2066740971;432578841;
37141970;432578841;4478085707;
37141970;4478085707;4478085704;
37141981;445041885;445041884;
37141981;445041884;4751793224;
37141981;4751793224;4751793225;
37141981;4751793225;445041883;
37141981;445041883;4751793223;
37141981;4751793223;432578838;
37142655;432589603;4566736207;
37142655;4566736207;432589605;
37142655;432589605;432589606;
37142655;432589606;432578835;
37221655;2207552041;445028228;
37221655;445028228;1389528052;
37856966;444030213;1731170793;
37856966;1731170793;444030214;
37856966;444030214;1837688580;
37856966;1837688580;444030215;
37856968;444030227;444030232;
37856968;444030232;444030233;
37856968;444030233;444030234;
37856969;444030240;444030241;
37856969;444030241;3570149423;
37856969;3570149423;789690202;
37856969;789690202;789692760;
37856971;444030224;789709519;
37856971;789709519;789709521;
37856971;789709521;789709522;
37856971;789709522;444030247;
37857251;444041594;1731171195;
37857251;1731171195;444041645;
37857251;444041645;444041624;
37857252;444041625;444041629;
37857252;444041629;444041627;
37857253;444041587;4492974837;
37857253;4492974837;444041590;
37857254;444041631;4478129177;
37857254;4478129177;444041638;
37857254;444041638;444041639;
37857254;444041639;444041641;
37857255;444041645;444041646;
37857255;444041646;4760823275;
37857255;4760823275;444041618;
37914798;433469262;445028157;
37914798;445028157;445028155;
37914798;445028155;445028158;
37914798;445028158;445028160;
37914798;445028160;4496229629;
37914798;4496229629;445028200;
37914798;445028200;445028201;
37914798;445028201;445028202;
37914798;445028202;445028203;
37914798;445028203;445028204;
37914798;445028204;445028205;
37914798;445028205;445028206;
37914798;445028206;445028207;
37914798;445028207;4492974938;
37914798;4492974938;4413343748;
37914798;4413343748;4496229628;
37914798;4496229628;445028208;
37914798;445028208;445028209;
37914798;445028209;4496229626;
37914798;4496229626;4496229627;
37914798;4496229627;445028210;
37914800;3573222131;445028231;
37914800;445028231;1389528059;
37914800;1389528059;445028232;
37914800;445028232;445028236;
37914800;445028236;445028233;
37914800;445028233;445028234;
37914800;445028234;445028235;
37914800;445028235;445028236;
37914801;433469208;4494940773;
37916215;445041881;4492974706;
37916215;4492974706;4492974707;
37916215;4492974707;432578837;
37916216;445041886;4492974708;
37916216;4492974708;445041887;
37916217;445041888;1731170942;
37916217;1731170942;1731171018;
37916217;1731171018;445041889;
37916218;112664292;1731171048;
37916218;1731171048;1731171041;
37916218;1731171041;445041914;
37916219;445041889;1731171020;
37916219;1731171020;1731170982;
37916219;1731170982;112664320;
37916220;445041889;445041895;
37916220;445041895;4751793239;
37916220;4751793239;4751793238;
37916220;4751793238;445041896;
37916220;445041896;4751793237;
37916220;4751793237;4751793236;
37916220;4751793236;4751793235;
37916220;4751793235;445041897;
37916220;445041897;4751793234;
37916220;4751793234;4751793233;
37916220;4751793233;4751793232;
37916220;4751793232;445041898;
37916220;445041898;4751793230;
37916220;4751793230;4751793231;
37916220;4751793231;445041899;
37916220;445041899;4751793240;
37916220;4751793240;4751793246;
37916220;4751793246;4751793241;
37916220;4751793241;4751793242;
37916220;4751793242;445041906;
37916220;445041906;4751793243;
37916220;4751793243;4751793244;
37916220;4751793244;4751793245;
37916220;4751793245;445041909;
37916220;445041909;4751793247;
37916220;4751793247;4751793249;
37916220;4751793249;4751793248;
37916220;4751793248;445041910;
37916220;445041910;445041911;
37916220;445041911;445041914;
37916221;445041914;1731171035;
37916221;1731171035;1731171040;
37916221;1731171040;112613636;
37937528;112651985;445439324;
37937528;445439324;1389528038;
37937528;1389528038;445439326;
37937528;445439326;445439300;
64447160;792643023;112613633;
64447160;112613633;112613634;
64447160;112613634;1837684392;
64447160;1837684392;112613635;
125000464;1389528052;4463731558;
125000472;1389528052;4501342452;
125000472;4501342452;4501342454;
125000472;4501342454;4501342453;
125000472;4501342453;1389528056;
125000472;1389528056;433469209;
125000475;1389528052;4463692792;
125000475;4463692792;433469196;
152618138;444041594;4492974835;
152618138;4492974835;1731171191;
152618138;1731171191;4492974834;
152618138;4492974834;444041625;
161123874;112664300;112664302;
161123874;112664302;112664304;
161123874;112664304;444041587;
161123874;444041587;4492974838;
161123874;4492974838;1838444860;
161123874;1838444860;1103464865;
161124030;1731170869;1731170854;
161124092;1731170872;1731170869;
161124159;1731171039;4422205990;
161124159;4422205990;1838444859;
161124159;1838444859;112613629;
161124264;444041627;4478129864;
161124264;4478129864;1731171145;
161124264;1731171145;3122372822;
161124264;3122372822;1731171084;
161124264;1731171084;1731171060;
161124264;1731171060;3554536257;
161124264;3554536257;3497904806;
161124264;3497904806;4492974705;
161124264;4492974705;4751802420;
161124264;4751802420;112664296;
161124274;269565778;1731170805;
161124274;1731170805;4474021914;
161124274;4474021914;1731170827;
161124274;1731170827;1731170834;
161124274;1731170834;4474021915;
161124274;4474021915;1731170867;
161124274;1731170867;4474021916;
161124274;4474021916;1731170869;
161124276;112613629;1731171043;
161124276;1731171043;4751802407;
161124276;4751802407;4751802408;
161124276;4751802408;1731171037;
161124276;1731171037;1731170993;
161124276;1731170993;4751802417;
161124276;4751802417;4751802416;
161124276;4751802416;1731170991;
161124276;1731170991;112613631;
161124287;444041590;1731171172;
161124287;1731171172;3493871421;
161124287;3493871421;4492974836;
161124287;4492974836;444041594;
172889538;299573943;1837318438;
172889538;1837318438;1837681069;
172889538;1837681069;1837323243;
172889538;1837323243;432578838;
172932656;1837684395;1837684397;
172932656;1837684397;1837684392;
172933202;4452315786;1837688578;
172933202;1837688578;1837688581;
172933202;1837688581;1837688580;
172933378;1837689093;1837689092;
172933378;1837689092;444030221;
172933642;1837690979;1837690983;
172933642;1837690983;1837690987;
172933642;1837690987;1837690971;
172933642;1837690971;1837690970;
172933642;1837690970;1837690993;
172933642;1837690993;1837690989;
172933642;1837690989;1837690995;
172933642;1837690995;1837690996;
172933642;1837690996;1837690969;
172933642;1837690969;1837690979;
172933642;1837690979;444030223;
173014726;1838445653;1838445654;
173014726;1838445654;1838445655;
173014726;1838445655;1838445656;
210673562;1103464865;4492974839;
210673562;4492974839;4422205989;
210673562;4422205989;4492974840;
210673562;4492974840;269566454;
210673562;269566454;4492974711;
210673562;4492974711;1696370795;
210673562;1696370795;444041624;
210673562;444041624;4492974841;
210673562;4492974841;4492974842;
210673562;4492974842;269567421;
210673562;269567421;4422206019;
210673562;4422206019;4492974713;
210673562;4492974713;269567423;
210673562;269567423;4492974843;
210673562;4492974843;445028185;
210673562;445028185;1920047167;
210673562;1920047167;1728071462;
210673562;1728071462;4492974844;
210673562;4492974844;269567425;
210673562;269567425;4492974845;
210673562;4492974845;4420934368;
210673562;4420934368;444041608;
210673562;444041608;4492974846;
210673562;4492974846;4492974847;
210673562;4492974847;269567427;
210673562;269567427;4492974848;
210673562;4492974848;269567429;
210673562;269567429;4408373553;
210673562;4408373553;269567431;
210673562;269567431;269567433;
210673562;269567433;4562008815;
210673562;4562008815;269567434;
210673562;269567434;4492974825;
210673562;4492974825;269567435;
210673562;269567435;4492974850;
210673562;4492974850;4492974849;
210673562;4492974849;3122349593;
210673562;3122349593;4492974851;
210673562;4492974851;1650259148;
210673562;1650259148;4492974853;
210673562;4492974853;269567436;
210673562;269567436;4492974852;
210673562;4492974852;4412468323;
210673562;4412468323;269567437;
210673562;269567437;4492974856;
210673562;4492974856;1731171307;
210673562;1731171307;1731171325;
210673562;1731171325;4492974857;
210673562;4492974857;4496229648;
210673562;4496229648;4496229649;
210673562;4496229649;444058614;
210673562;444058614;4492974858;
210673562;4492974858;4492974859;
210673562;4492974859;269567438;
210673562;269567438;444058615;
210673562;444058615;1647949083;
210673562;1647949083;4492974860;
210673562;4492974860;269567439;
210673562;269567439;269567440;
210673562;269567440;444058750;
210673562;444058750;4492974861;
210673562;4492974861;1728072334;
210673562;1728072334;4492974862;
210673562;4492974862;4492974823;
210673562;4492974823;269567441;
210673562;269567441;444058742;
210673562;444058742;269567443;
210673562;269567443;4492974822;
210673562;4492974822;4492974863;
210673562;4492974863;269567444;
210673562;269567444;1647949110;
210673562;1647949110;269567445;
210673562;269567445;4422206024;
210673562;4422206024;1738392403;
210673562;1738392403;4422206025;
210673562;4422206025;1738392435;
210673562;1738392435;1651648727;
210673562;1651648727;1651648715;
210673562;1651648715;269567447;
210673562;269567447;428672191;
210673562;428672191;4422206026;
210673562;4422206026;4413322399;
210673562;4413322399;1696378885;
210674294;433469176;4494940778;
210674294;4494940778;4494940779;
210674294;4494940779;1389528069;
210674294;1389528069;4494940780;
210674294;4494940780;433469178;
210674294;433469178;433469179;
210674294;433469179;433469180;
210674294;433469180;433469181;
210674294;433469181;4495896946;
210674294;4495896946;433469182;
210674294;433469182;4495896942;
210674294;4495896942;4495896943;
210674294;4495896943;433469183;
210674294;433469183;433469184;
210674294;433469184;4495896944;
210674294;4495896944;433469185;
210674294;433469185;4495896945;
210674294;4495896945;433469186;
210674294;433469186;1731171102;
211339122;445439300;112613613;
211339122;112613613;112613614;
211339122;112613614;112613616;
211339122;112613616;112613618;
211339122;112613618;445041881;
211339122;445041881;445041888;
211339125;1103464865;1838445085;
211339125;1838445085;112664310;
211339125;112664310;112664312;
211339125;112664312;4495896929;
211339125;4495896929;4495896928;
211339125;4495896928;112664314;
211339125;112664314;4413343749;
211339125;4413343749;112664315;
211339125;112664315;112664316;
211339125;112664316;1731171102;
211339125;1731171102;112664317;
211339125;112664317;112664318;
211339125;112664318;4463731540;
211339125;4463731540;3139458003;
211339125;3139458003;112664320;
211339125;112664320;112664325;
211339125;112664325;112664327;
211339125;112664327;445028226;
211339125;445028226;112664333;
211339125;112664333;2207552041;
211339125;2207552041;112651985;
211339125;112651985;112651987;
211339125;112651987;1389528039;
211339125;1389528039;112651988;
211339125;112651988;26057846;
211339125;26057846;3713963405;
211339125;3713963405;3713963409;
211339125;3713963409;3139458027;
211339125;3139458027;2583924942;
211339125;2583924942;112651991;
220234009;26057853;112613609;
220234009;112613609;112613610;
220234009;112613610;2846609718;
220234009;2846609718;3522178888;
220234009;3522178888;112613611;
220234009;112613611;432589602;
220234009;432589602;432589603;
220234009;432589603;112613612;
220234009;112613612;445439300;
307165306;1696370795;4492974712;
307165306;4492974712;4760823277;
307166758;3122372822;3122372823;
307166758;3122372823;3122372824;
307166758;3122372824;3122372825;
307166758;3122372825;3554536260;
308678920;112664292;445041916;
308678920;445041916;3573222129;
308678930;445041888;112613620;
308678930;112613620;112613621;
311272090;433469220;4492974718;
311272090;4492974718;4463691470;
311272090;4463691470;433469278;
311272090;433469278;4463691469;
311272090;4463691469;4541181077;
311272090;4541181077;445028179;
311272090;445028179;445028180;
311272090;445028180;4541181078;
311272090;4541181078;4541181079;
311272090;4541181079;3168698817;
311272090;3168698817;4496229613;
311272090;4496229613;445028181;
311272090;445028181;4496229614;
311272090;4496229614;4463691468;
311272090;4463691468;445028182;
311272090;445028182;4703665401;
311272090;4703665401;4501342448;
311272093;445028160;4463691464;
311272093;4463691464;445028162;
311272093;445028162;445028163;
311272093;445028163;445028164;
311272093;445028164;4463691463;
311272093;4463691463;445028165;
311272093;445028165;4463731559;
311272093;4463731559;4463731560;
311272093;4463731560;445028166;
311272093;445028166;445028230;
311272093;445028230;445028167;
311272093;445028167;445028168;
311272093;445028168;445028169;
311272093;445028169;445028170;
311272093;445028170;445028171;
311272093;445028171;3168698813;
311272093;3168698813;445028172;
311272093;445028172;433469182;
311272094;112664316;445028225;
311272094;445028225;4492974936;
311272094;4492974936;4413343758;
311272094;4413343758;445028223;
311272094;445028223;4492974937;
311272094;4492974937;445028210;
342836042;112664304;3497904801;
342836042;3497904801;3497904802;
342836042;3497904802;4492974704;
342836042;4492974704;3497904803;
342836042;3497904803;4492974703;
342836042;4492974703;3497904804;
342836042;3497904804;3497904805;
342836042;3497904805;4751802921;
342836042;4751802921;3497904806;
345574068;445028185;3583878569;
345574068;3583878569;4492974715;
345574068;4492974715;4492974714;
345574068;4492974714;4440945964;
345574068;4440945964;4440945958;
345574068;4440945958;4420934337;
345574068;4420934337;4418972106;
345574068;4418972106;1650259143;
345574068;1650259143;445028184;
345574068;445028184;445028183;
345574068;445028183;433469220;
345574068;433469220;4492974717;
345574068;4492974717;433469222;
345574068;433469222;433469225;
345574068;433469225;4496229634;
345574068;4496229634;3168773383;
345574068;3168773383;433469229;
345574068;433469229;4496229635;
345574068;4496229635;433469234;
345574068;433469234;3168773378;
345574068;3168773378;433469236;
345574068;433469236;3168773372;
345574068;3168773372;433469237;
345574068;433469237;433469238;
345574068;433469238;433469239;
345574068;433469239;4412468497;
345574068;4412468497;433469240;
345574068;433469240;4412468498;
345574068;4412468498;433469241;
345574068;433469241;4495897516;
345574068;4495897516;3168698827;
345574068;3168698827;4562008803;
345574068;4562008803;433469243;
345574068;433469243;4562008802;
345574068;4562008802;433469246;
345574068;433469246;4463691459;
345574068;4463691459;433469248;
345574068;433469248;4562008801;
345574068;4562008801;433469250;
345574068;433469250;1207561936;
345574068;1207561936;4562008799;
345574068;4562008799;4562008800;
345574068;4562008800;4463691460;
345574068;4463691460;4562008797;
345574068;4562008797;4562008796;
345574068;4562008796;4562008798;
345574068;4562008798;433469258;
345574068;433469258;4562008795;
345574068;4562008795;433469262;
345574068;433469262;433469264;
345574068;433469264;4418971963;
345574068;4418971963;433469266;
345574068;433469266;4562008794;
345574068;4562008794;433469268;
345574068;433469268;4463691461;
345574068;4463691461;433469270;
345574068;433469270;445028173;
345574068;445028173;4494940764;
345574068;4494940764;4562008793;
345574068;4562008793;445028175;
345574068;445028175;4562008792;
345574068;4562008792;445028176;
345574068;445028176;4463691462;
345574068;4463691462;445028178;
345574068;445028178;433469180;
345574068;433469180;433469208;
345574068;433469208;1389528062;
345574068;1389528062;433469209;
345574068;433469209;433469211;
345574068;433469211;4494940770;
345574068;4494940770;433469213;
345574068;433469213;433469216;
345574068;433469216;433469218;
345574068;433469218;4494940765;
345574068;4494940765;445028226;
349599164;444041594;1731171196;
349599164;1731171196;444041595;
349599164;444041595;1731171217;
349599164;1731171217;4492974833;
349599164;4492974833;444041597;
349599164;444041597;4492974831;
349599164;4492974831;4492974832;
349599164;4492974832;4492974830;
349599164;4492974830;444041599;
349599164;444041599;1654252860;
349599165;444041625;1731171177;
349599165;1731171177;444041631;
349599165;444041631;1731171189;
349599165;1731171189;4478129175;
349599165;4478129175;1731171193;
349599165;1731171193;444041632;
349599165;444041632;1731171199;
349599165;1731171199;444041634;
349599165;444041634;1654252877;
349599165;1654252877;1654252802;
349599165;1654252802;1654252853;
349600377;3554536260;3554536261;
351255845;3570149417;4751802922;
351255845;4751802922;4464130694;
351255845;4464130694;3570149402;
351255845;3570149402;4441072677;
351255845;4441072677;122491912;
351255846;122491912;3570149397;
351255846;3570149397;3570149401;
351255846;3570149401;3570149405;
351255846;3570149405;4393941433;
351255846;4393941433;4464130695;
351255846;4464130695;4751802923;
351255846;4751802923;3570149417;
351525651;112613635;445041915;
351525651;445041915;112613636;
351525651;112613636;112617111;
351525651;112617111;112617112;
351525651;112617112;112617113;
351525651;112617113;112617114;
351525651;112617114;789695249;
351525651;789695249;112617115;
351525651;112617115;112617116;
351525651;112617116;112617117;
351525651;112617117;112617118;
351525651;112617118;3573222115;
351525651;3573222115;112617119;
351525651;112617119;1731170903;
351525651;1731170903;112617120;
351525651;112617120;1731170886;
351525651;1731170886;112617121;
351525651;112617121;112617122;
351525651;112617122;447872446;
351525652;112613621;112613622;
351525652;112613622;4751793229;
351525652;4751793229;112613623;
351525652;112613623;4751793228;
351525652;4751793228;112613625;
351525652;112613625;4751793227;
351525652;4751793227;112613626;
351525652;112613626;432578836;
351525652;432578836;4751793226;
351525652;4751793226;1838444495;
351525652;1838444495;4422205188;
351525652;4422205188;112613628;
351525652;112613628;1838445055;
351525652;1838445055;112613629;
351525652;112613629;112613631;
351525652;112613631;4751802418;
351525652;4751802418;1731170986;
351525652;1731170986;128651490;
351525654;3573222129;112664296;
351525654;112664296;112664298;
351525654;112664298;4751802419;
351525654;4751802419;792643039;
351525680;3573222131;4494940771;
351525680;4494940771;433469213;
351525681;433469216;4494940772;
351525681;4494940772;3573222131;
426458371;3554536260;4257760307;
426458371;4257760307;3554536256;
426458371;3554536256;3554536257;
434897741;4464130703;112664300;
434897741;112664300;792643010;
434897741;792643010;1731170988;
434897741;1731170988;792643014;
434897741;792643014;4464130698;
434897741;4464130698;128651490;
434897741;128651490;4464130699;
434897741;4464130699;792643017;
434897741;792643017;1731170955;
434897741;1731170955;1731170947;
434897741;1731170947;1731170946;
434897741;1731170946;4464130700;
434897741;4464130700;128651494;
434897741;128651494;4464130701;
434897741;4464130701;792643023;
434897741;792643023;792643028;
434897741;792643028;792643032;
434897741;792643032;792643035;
434897741;792643035;4464130702;
434897741;4464130702;792643039;
434897741;792643039;1731171009;
434897741;1731171009;4464130703;
441677263;4393941433;4393941434;
441677263;4393941434;4393941459;
441677263;4393941459;4393941471;
441677265;4393941477;4393941479;
441677265;4393941479;4393941478;
441677265;4393941478;1838438346;
441677265;1838438346;4393941477;
441677265;4393941477;1838438345;
441677266;4393941473;4393941472;
441677266;4393941472;4393941449;
441677266;4393941449;4393941470;
441677266;4393941470;4393941475;
441677266;4393941475;4393941476;
441677268;4393941471;4393941467;
441677268;4393941467;4393941445;
441677268;4393941445;4393941442;
441677268;4393941442;4393941438;
441677268;4393941438;4393941430;
443789659;4496229618;4413343741;
443789659;4413343741;4413343742;
443789659;4413343742;4496229625;
443789659;4496229625;4413343743;
443789659;4413343743;4413343744;
443789659;4413343744;4703680109;
443789659;4703680109;4703680112;
443789659;4703680112;4413343745;
443789660;4413343745;4703680108;
443789660;4703680108;4703680110;
443789660;4703680110;4703680111;
443789660;4703680111;4413343747;
443789660;4413343747;4562008791;
443789660;4562008791;4413343748;
443789661;4413343749;4413343750;
443789661;4413343750;4413343751;
443789661;4413343751;4413343755;
443789661;4413343755;4413343752;
443789661;4413343752;4413343753;
443789661;4413343753;4413343754;
443789662;4413343755;4413343756;
443789662;4413343756;4413343757;
448195886;4393941478;4452315963;
448195886;4452315963;4478129152;
448195886;4478129152;4452315964;
449415296;4463731540;4463731541;
449415297;4463731541;4463731542;
449415297;4463731542;4463731543;
449415303;112664325;4463731556;
449415304;4463731556;4463731557;
449415306;4463731558;1389528057;
449415306;1389528057;3168698812;
449415306;3168698812;445028240;
449415306;445028240;433469187;
449415306;433469187;4494940776;
449415306;4494940776;4494940775;
449415306;4494940775;4494940777;
449415306;4494940777;433469176;
450913086;445041885;4478129143;
450913087;4478129143;4478129144;
450913087;4478129144;4478129145;
450913087;4478129145;4478129146;
450913090;444041644;4478129167;
450913090;4478129167;4478129168;
450913091;444041641;444041644;
450913091;444041644;4478129169;
450913091;4478129169;4478129174;
450913091;4478129174;4478129170;
450913091;4478129170;4478129173;
450913091;4478129173;4478129171;
450913091;4478129171;4478129172;
450913091;4478129172;444041641;
450913093;4478129175;4478129176;
450913094;4478129177;4478129176;
450913094;4478129176;4478129178;
452752377;445028235;4494940748;
452752377;4494940748;4494940749;
452752377;4494940749;4494940750;
452752377;4494940750;4494940752;
452752377;4494940752;4494940751;
452752379;4494940752;4494940753;
452752379;4494940753;4494940754;
452752379;4494940754;4494940755;
452752379;4494940755;4494940756;
452752379;4494940756;4494940757;
452752382;445028233;4494940758;
452752382;4494940758;4494940759;
452752382;4494940759;4494940760;
452752382;4494940760;4494940761;
452752382;4494940761;4494940762;
452752382;4494940762;4494940763;
452801283;4495896929;4495896930;
452801284;4495896930;4495896931;
452801284;4495896931;4495896932;
452801289;445028222;4495896941;
452801290;4495896946;4495896947;
452801290;4495896947;4495896948;
452805192;4494940773;445028239;
452805192;445028239;4494940774;
452805192;4494940774;445028240;
453393320;445028193;4496229616;
453393320;4496229616;445028194;
453393320;445028194;4496229624;
453393320;4496229624;4496229617;
453393320;4496229617;4703671419;
453393320;4703671419;445028195;
453393320;445028195;445028198;
453393320;445028198;445028199;
453393320;445028199;4496229619;
453393320;4496229619;4492974935;
453393320;4492974935;1696370798;
453393320;1696370798;4703671422;
453393320;4703671422;1696370789;
453393320;1696370789;4492974934;
453393320;4492974934;4496229620;
453393320;4496229620;1696370792;
453393320;1696370792;4703671427;
453393320;4703671427;1696370770;
453393320;1696370770;4496229623;
453393320;4496229623;4496229621;
453393320;4496229621;4411518238;
453393320;4411518238;4496229622;
453393320;4496229622;269567423;
461925693;1731170877;1731170873;
461925693;1731170873;444030231;
461925693;444030231;444030230;
461925693;444030230;444030229;
461925693;444030229;444030240;
461925693;444030240;444030227;
461925693;444030227;444030226;
461925693;444030226;444030225;
461925693;444030225;444030224;
461925693;444030224;444030223;
461925693;444030223;444030222;
461925693;444030222;444030221;
461925693;444030221;444030220;
461925693;444030220;444030215;
461925693;444030215;444030219;
461925693;444030219;1838445656;
461925693;1838445656;444030218;
461925693;444030218;1838445653;
461925693;1838445653;444030217;
461925693;444030217;444030216;
461925693;444030216;792643152;
461925693;792643152;3573222123;
461925693;3573222123;128651494;
466687242;444041644;4614307674;
466687243;4614307681;4614307680;
466687243;4614307680;4614307679;
466687243;4614307679;4614307678;
466687243;4614307678;4614307677;
466687243;4614307677;4614307676;
466687243;4614307676;4614307682;
466687243;4614307682;4614307683;
466687243;4614307683;4614307684;
466687243;4614307684;4614307685;
466687243;4614307685;4614307686;
466687243;4614307686;4614307687;
466687243;4614307687;4614307688;
466687244;4478129172;4614309089;
466687245;4614307674;4614309090;
466687245;4614309090;4614309091;
466687246;4614307674;4614307675;
466687246;4614307675;4614307676;
466687254;4478129168;4614309234;
466687254;4614309234;4614309235;
466687254;4614309235;4614309236;
466687254;4614309236;4614309237;
466687254;4614309237;4614309238;
466687254;4614309238;4614309239;
466687254;4614309239;4614309240;
466687254;4614309240;4614309241;
466687254;4614309241;4614309242;
476944585;4703664518;4501342448;
476944585;4501342448;4703664519;
476944585;4703664519;4703664520;
476944585;4703664520;445028193;
476944585;445028193;4703664521;
476944585;4703664521;4703664522;
476944585;4703664522;4496229618;
476944585;4496229618;4703664523;
476944585;4703664523;4703664518;
476944648;4501342448;4703665402;
476944648;4703665402;445028193;
476944650;4703665402;4496229618;
477791560;299608221;1731170784;
477791560;1731170784;1837321449;
477791560;1837321449;269565777;
477791560;269565777;269565778;
482332561;1731171039;4422205991;
482332561;4422205991;1838444684;
482332561;1838444684;112613628;
482332562;4751802409;4751802410;
482332562;4751802410;4751802411;
482332562;4751802411;4751802412;
482332562;4751802412;4751802413;
482332562;4751802413;4751802414;
482332562;4751802414;4751802415;
482332562;4751802415;1731171037;
482332563;269565778;4393941474;
482332563;4393941474;445041887;
482332563;445041887;4751802409;
482332563;4751802409;1731171039;
483324181;4760823277;1696370772;
483324183;445028210;445028222;
483324183;445028222;445028221;
483324183;445028221;4413343745;
483324183;4413343745;445028220;
483324183;445028220;445028219;
483324183;445028219;445028218;
483324183;445028218;4463691467;
483324183;4463691467;3168698814;
483324183;3168698814;445028217;
483324183;445028217;445028216;
483324183;445028216;4463691466;
483324183;4463691466;445028215;
483324183;445028215;4463691465;
483324183;4463691465;445028214;
483324183;445028214;445028213;
483324183;445028213;3168698815;
483324183;3168698815;445028212;
483324183;445028212;445028211;
483324183;445028211;445028241;
483324183;445028241;445028153;
